0 33
0 211
0 58
0 217
0 10
0 157
0 179
0 175
0 94
0 229
0 107
0 83
0 246
0 85
0 42
1 34
1 215
1 191
1 173
1 42
1 55
1 48
1 66
1 20
1 254
1 151
1 166
1 233
1 234
1 59
2 117
2 84
2 61
2 211
2 215
2 91
2 26
2 22
2 232
2 98
2 13
2 118
2 153
2 247
2 82
3 250
3 138
3 92
3 127
3 254
3 38
3 74
3 77
3 246
3 211
3 153
3 181
3 155
3 66
3 114
4 152
4 47
4 178
4 112
4 55
4 10
4 253
4 149
4 128
4 23
4 133
4 219
4 212
4 118
4 56
5 119
5 37
5 153
5 224
5 201
5 118
5 234
5 109
5 44
5 204
5 81
5 57
5 125
5 184
5 196
6 143
6 16
6 58
6 102
6 103
6 242
6 251
6 39
6 249
6 87
6 225
6 248
6 91
6 208
6 174
7 168
7 101
7 136
7 231
7 77
7 201
7 63
7 76
7 36
7 66
7 194
7 149
7 161
7 248
7 110
8 13
8 200
8 173
8 77
8 152
8 169
8 65
8 191
8 203
8 222
8 107
8 162
8 39
8 88
8 216
9 10
9 161
9 218
9 148
9 229
9 207
9 43
9 131
9 143
9 173
9 117
9 52
9 97
9 152
9 76
10 106
10 205
10 111
10 37
10 101
10 233
10 66
10 17
10 215
10 75
10 201
10 169
11 244
11 105
11 86
11 221
11 121
11 76
11 87
11 199
11 166
11 192
11 18
11 98
11 155
11 193
11 219
12 20
12 87
12 132
12 19
12 82
12 231
12 130
12 182
12 199
12 75
12 173
12 67
12 180
12 33
12 250
13 121
13 34
13 205
13 179
13 187
13 220
13 115
13 95
13 210
13 103
13 108
13 44
13 106
14 18
14 43
14 64
14 32
14 225
14 114
14 187
14 209
14 163
14 63
14 189
14 215
14 128
14 19
14 230
15 107
15 223
15 195
15 248
15 191
15 226
15 133
15 125
15 59
15 197
15 111
15 190
15 240
15 155
15 219
16 247
16 29
16 128
16 234
16 101
16 202
16 150
16 148
16 244
16 213
16 141
16 220
16 181
16 223
17 136
17 140
17 47
17 85
17 74
17 91
17 216
17 241
17 150
17 125
17 19
17 40
17 26
17 130
18 132
18 229
18 135
18 104
18 159
18 232
18 196
18 191
18 47
18 198
18 79
18 111
18 89
19 251
19 244
19 226
19 217
19 153
19 50
19 80
19 170
19 172
19 77
19 118
19 100
20 102
20 29
20 223
20 201
20 192
20 54
20 85
20 175
20 171
20 127
20 162
20 47
20 190
21 94
21 237
21 180
21 66
21 33
21 176
21 140
21 243
21 108
21 162
21 183
21 234
21 78
21 98
21 249
22 97
22 134
22 191
22 171
22 199
22 122
22 143
22 120
22 180
22 23
22 172
22 77
22 44
22 209
23 223
23 185
23 219
23 40
23 46
23 200
23 163
23 254
23 44
23 145
23 147
23 245
23 33
24 41
24 196
24 245
24 53
24 243
24 31
24 63
24 183
24 54
24 188
24 193
24 50
24 101
24 190
24 139
25 180
25 70
25 121
25 73
25 215
25 60
25 38
25 217
25 102
25 200
25 181
25 72
25 109
25 96
25 216
26 213
26 207
26 219
26 250
26 208
26 99
26 240
26 104
26 163
26 142
26 216
26 48
26 230
27 103
27 180
27 197
27 151
27 110
27 178
27 163
27 72
27 153
27 53
27 29
27 222
27 95
27 92
27 145
28 140
28 52
28 161
28 196
28 126
28 231
28 233
28 84
28 169
28 155
28 253
28 41
28 49
28 200
28 174
29 238
29 207
29 241
29 154
29 34
29 88
29 139
29 232
29 146
29 105
29 50
29 158
30 247
30 137
30 175
30 188
30 38
30 212
30 146
30 128
30 140
30 32
30 254
30 80
30 104
30 75
30 252
31 40
31 64
31 90
31 78
31 98
31 106
31 156
31 229
31 47
31 240
31 51
31 224
31 206
31 168
32 197
32 202
32 34
32 39
32 52
32 45
32 206
32 171
32 37
32 101
32 94
32 130
32 254
33 253
33 186
33 161
33 51
33 57
33 235
33 95
33 191
33 77
33 252
33 102
34 91
34 46
34 109
34 126
34 122
34 165
34 111
34 230
34 174
34 229
34 212
35 119
35 143
35 210
35 150
35 254
35 145
35 166
35 121
35 135
35 73
35 90
35 226
35 228
35 94
35 48
36 226
36 102
36 120
36 82
36 239
36 157
36 126
36 146
36 141
36 216
36 218
36 106
36 92
36 185
37 206
37 169
37 132
37 223
37 255
37 61
37 139
37 181
37 95
37 172
37 190
37 242
38 126
38 198
38 183
38 101
38 163
38 57
38 100
38 220
38 79
38 173
38 112
38 65
39 194
39 119
39 222
39 232
39 217
39 129
39 112
39 246
39 231
39 51
39 219
39 176
40 192
40 233
40 218
40 93
40 108
40 239
40 146
40 195
40 246
40 181
40 81
40 203
41 216
41 94
41 128
41 228
41 44
41 111
41 110
41 211
41 192
41 207
41 102
41 133
41 165
42 206
42 164
42 250
42 149
42 107
42 87
42 236
42 128
42 118
42 145
42 176
42 218
42 69
43 48
43 243
43 164
43 211
43 255
43 142
43 158
43 103
43 51
43 79
43 81
43 168
43 183
44 86
44 148
44 198
44 66
44 170
44 214
44 156
44 104
44 83
44 248
45 183
45 162
45 213
45 170
45 103
45 124
45 149
45 235
45 166
45 133
45 81
45 229
45 75
45 154
46 81
46 157
46 100
46 89
46 129
46 54
46 249
46 216
46 117
46 181
46 227
46 194
46 155
47 236
47 49
47 70
47 143
47 92
47 148
47 129
47 183
47 210
47 205
48 49
48 246
48 57
48 62
48 75
48 202
48 227
48 86
48 139
48 251
48 72
49 138
49 88
49 126
49 93
49 252
49 119
49 245
49 58
49 107
49 148
49 172
49 117
50 248
50 60
50 143
50 74
50 72
50 93
50 65
50 106
50 89
50 99
50 253
50 69
51 153
51 168
51 126
51 56
51 89
51 132
51 121
51 68
51 142
51 149
51 85
52 144
52 92
52 105
52 191
52 101
52 225
52 108
52 160
52 142
52 251
52 204
52 62
53 120
53 108
53 161
53 129
53 201
53 172
53 202
53 163
53 91
53 132
53 79
53 149
53 96
54 240
54 166
54 94
54 118
54 161
54 203
54 255
54 127
54 208
54 56
54 225
54 198
55 243
55 209
55 220
55 154
55 67
55 228
55 130
55 155
55 204
55 104
55 222
55 97
55 182
56 136
56 249
56 202
56 105
56 238
56 115
56 80
56 209
56 107
56 174
56 187
56 214
57 154
57 125
57 174
57 160
57 203
57 106
57 192
57 120
57 179
57 194
57 188
58 170
58 105
58 190
58 137
58 220
58 184
58 64
58 159
58 73
58 98
58 158
58 253
59 94
59 183
59 122
59 152
59 232
59 137
59 119
59 199
59 181
59 141
59 209
59 149
59 144
60 75
60 169
60 114
60 108
60 170
60 142
60 224
60 122
60 127
60 117
60 219
60 150
60 135
61 90
61 158
61 178
61 89
61 123
61 246
61 78
61 63
61 107
61 170
61 173
61 144
61 212
62 70
62 83
62 78
62 84
62 172
62 197
62 127
62 187
62 249
62 96
62 119
62 193
62 146
63 219
63 235
63 116
63 249
63 137
63 148
63 204
63 181
63 126
63 241
63 154
64 115
64 228
64 223
64 167
64 199
64 75
64 160
64 99
64 65
64 109
64 146
64 148
65 214
65 133
65 221
65 233
65 110
65 85
65 204
65 211
65 208
65 70
65 209
66 129
66 240
66 73
66 247
66 103
66 68
66 89
66 160
66 88
67 200
67 166
67 84
67 160
67 157
67 234
67 133
67 137
67 236
67 68
67 163
67 93
67 246
68 226
68 101
68 85
68 203
68 91
68 148
68 69
68 237
68 105
68 177
68 114
68 111
69 95
69 229
69 134
69 228
69 169
69 194
69 82
69 202
69 118
69 142
69 138
69 140
70 244
70 123
70 113
70 77
70 160
70 226
70 103
70 94
70 104
70 147
70 187
71 151
71 190
71 252
71 148
71 112
71 134
71 136
71 132
71 230
71 218
71 98
71 94
71 117
71 251
71 147
72 237
72 246
72 223
72 126
72 144
72 136
72 128
72 208
72 186
72 199
72 130
73 241
73 188
73 192
73 209
73 213
73 89
73 206
73 82
73 151
73 118
73 165
74 107
74 182
74 141
74 177
74 161
74 228
74 234
74 179
74 159
74 113
74 249
74 112
75 105
75 195
75 196
75 222
75 205
75 92
75 91
75 134
76 157
76 125
76 123
76 180
76 128
76 230
76 182
76 95
76 158
76 156
76 251
76 127
77 137
77 255
77 228
77 213
77 105
77 195
77 212
77 171
78 164
78 159
78 126
78 125
78 133
78 227
78 222
78 163
78 143
78 114
78 80
79 233
79 240
79 119
79 157
79 83
79 171
79 170
79 136
79 95
79 116
79 91
80 233
80 148
80 216
80 194
80 113
80 103
80 109
80 253
80 127
80 122
80 232
81 233
81 237
81 191
81 114
81 193
81 242
81 158
81 228
81 120
81 247
82 177
82 128
82 168
82 198
82 219
82 233
82 125
82 138
82 162
82 139
83 231
83 234
83 221
83 206
83 239
83 135
83 154
83 190
83 129
83 212
83 198
84 217
84 106
84 135
84 128
84 241
84 161
84 173
84 147
84 109
84 171
84 183
85 120
85 165
85 251
85 86
85 196
85 117
85 178
85 128
85 226
86 108
86 116
86 124
86 137
86 143
86 217
86 123
86 189
86 184
86 107
86 151
87 178
87 209
87 255
87 88
87 229
87 101
87 109
87 129
87 104
87 113
87 252
88 200
88 122
88 188
88 187
88 235
88 228
88 123
88 240
88 126
88 217
89 239
89 197
89 252
89 236
89 97
89 152
89 108
89 196
90 198
90 95
90 103
90 130
90 140
90 105
90 221
90 217
90 149
90 230
90 141
90 93
91 253
91 200
91 204
91 94
91 164
91 214
91 193
92 216
92 176
92 158
92 209
92 234
92 116
92 121
92 203
92 147
93 176
93 206
93 215
93 167
93 116
93 120
93 213
93 125
93 127
93 104
94 138
94 113
94 220
94 173
94 185
95 146
95 99
95 209
95 235
95 150
95 113
95 227
96 191
96 124
96 140
96 106
96 185
96 168
96 148
96 118
96 182
96 238
96 99
96 131
97 174
97 138
97 198
97 146
97 222
97 161
97 190
97 124
97 121
97 167
97 237
98 216
98 254
98 112
98 174
98 197
98 213
98 114
98 201
98 244
99 147
99 254
99 231
99 192
99 164
99 162
99 229
99 195
99 184
99 148
100 147
100 156
100 178
100 130
100 234
100 193
100 139
100 201
100 143
100 142
100 185
100 146
101 151
101 159
101 227
101 210
101 199
101 185
102 230
102 197
102 185
102 184
102 137
102 164
102 202
102 232
102 167
103 134
103 219
103 124
103 231
103 175
103 199
104 203
104 165
104 142
104 158
104 222
104 223
104 106
105 215
105 183
105 239
105 164
105 250
105 125
106 170
106 225
106 202
106 180
106 119
106 228
107 146
107 147
107 180
107 204
107 237
107 168
108 194
108 255
108 154
108 155
108 141
108 128
108 172
109 152
109 168
109 135
109 175
109 120
109 139
109 186
109 157
110 142
110 236
110 175
110 171
110 215
110 221
110 112
110 249
110 237
110 229
110 224
111 145
111 162
111 136
111 224
111 158
111 217
111 113
111 213
111 154
112 164
112 157
112 165
112 225
112 113
112 135
112 124
112 172
113 241
113 239
113 170
113 163
113 247
113 167
113 196
114 231
114 220
114 191
114 245
114 146
114 165
114 236
114 208
115 244
115 136
115 151
115 149
115 125
115 200
115 207
115 135
115 237
115 236
115 182
115 138
116 232
116 164
116 228
116 152
116 174
116 208
116 224
116 190
116 217
116 168
117 145
117 133
117 202
117 186
117 168
117 199
117 188
117 203
118 126
118 221
118 248
118 141
118 252
118 222
119 178
119 247
119 194
119 199
119 162
119 230
119 236
120 159
120 250
120 244
120 144
120 169
120 249
120 254
121 233
121 248
121 223
121 240
121 214
121 129
121 241
121 159
122 246
122 147
122 221
122 140
122 225
122 184
122 132
122 125
122 210
123 201
123 220
123 167
123 188
123 229
123 253
123 234
123 225
123 136
123 153
124 125
124 137
124 169
124 135
124 186
124 245
124 209
124 250
124 214
125 254
125 129
125 243
126 182
126 195
126 134
126 150
127 145
127 237
127 235
127 189
127 218
127 174
127 223
128 240
128 179
128 190
129 134
129 220
129 211
129 224
129 141
129 235
130 187
130 208
130 211
130 135
130 184
130 248
130 194
130 148
131 165
131 185
131 240
131 150
131 147
131 175
131 194
131 174
131 153
131 177
131 239
131 243
131 137
132 228
132 176
132 146
132 186
132 215
132 248
132 185
132 213
133 201
133 239
133 217
133 255
133 235
133 210
133 251
134 156
134 136
134 189
134 152
134 191
134 204
134 192
134 255
135 191
135 181
135 164
135 156
135 177
136 175
136 222
136 245
136 166
136 206
137 142
137 145
137 233
137 206
137 187
138 215
138 212
138 178
138 223
138 154
138 242
138 184
138 157
139 214
139 155
139 149
139 150
139 225
139 247
139 191
139 218
140 154
140 255
140 157
140 196
140 223
140 151
140 238
141 174
141 186
141 245
141 200
141 180
141 171
141 148
142 179
142 244
142 144
142 180
142 190
143 235
143 151
143 171
143 157
143 203
143 250
144 214
144 189
144 162
144 157
144 205
144 252
144 177
144 228
144 231
145 225
145 242
145 208
145 231
145 244
145 183
145 238
146 152
146 166
146 243
147 237
147 159
147 154
147 251
147 166
148 242
149 192
149 153
149 234
149 216
149 203
150 212
150 211
150 160
150 184
150 197
150 180
150 209
151 240
151 167
151 162
151 172
151 211
151 253
152 163
152 188
152 170
152 211
152 244
152 221
153 157
153 204
153 169
153 190
153 210
153 167
154 206
154 199
154 216
154 189
155 235
155 226
155 205
155 185
155 247
155 221
155 164
156 197
156 238
156 162
156 215
156 255
156 174
156 204
156 246
156 199
157 187
157 213
158 210
158 186
158 194
158 200
158 172
158 221
159 238
159 173
159 212
159 236
159 235
159 208
159 202
160 238
160 221
160 232
160 178
160 172
160 248
160 218
160 245
161 162
161 219
161 206
161 187
161 210
161 178
162 221
162 236
162 181
163 184
163 174
163 166
163 205
163 247
164 210
164 223
164 180
164 188
165 255
165 245
165 235
165 205
165 234
165 248
165 199
166 168
166 224
166 169
166 179
166 214
167 219
167 183
167 216
167 255
167 179
167 202
167 191
168 208
168 198
168 189
168 220
169 207
169 183
169 249
169 223
169 230
170 193
170 227
170 240
170 176
170 214
171 220
171 252
171 238
171 216
171 195
171 188
172 229
172 175
172 208
172 177
173 245
173 213
173 224
173 238
173 226
173 189
174 226
174 195
175 203
175 246
175 228
175 227
175 196
175 219
176 245
176 199
176 187
176 201
176 247
176 195
176 207
176 177
177 220
177 222
177 255
177 235
177 230
177 233
177 224
178 195
178 243
178 213
178 191
178 230
179 188
179 195
179 227
179 242
179 197
179 181
179 226
180 207
180 242
180 196
181 253
181 222
181 251
181 239
182 203
182 244
182 232
182 214
182 210
182 251
182 206
182 183
183 248
183 212
184 249
184 203
184 205
184 231
184 252
185 224
185 222
185 236
185 241
185 188
186 240
186 192
186 205
186 204
186 251
186 254
186 236
187 192
187 254
187 224
187 196
188 237
188 213
188 231
189 210
189 236
189 248
189 242
189 247
189 243
189 216
190 194
190 200
190 238
192 243
192 222
192 212
192 244
193 254
193 217
193 253
193 209
193 207
193 236
193 223
193 205
194 214
194 215
194 207
195 225
195 211
195 236
195 198
196 242
196 218
196 220
197 245
197 250
197 228
197 233
197 212
198 244
198 249
198 253
198 241
198 251
199 218
200 250
200 227
200 229
200 201
201 242
201 232
201 209
201 239
202 221
202 231
202 243
202 246
203 241
203 233
204 231
204 241
204 227
204 213
205 238
205 237
205 217
205 206
206 211
206 226
207 246
207 252
207 241
207 226
207 208
208 212
208 239
209 246
210 245
210 249
210 239
211 238
211 225
212 247
212 218
213 214
214 218
214 252
215 235
215 234
215 242
217 243
217 218
218 249
218 220
219 234
219 238
220 230
221 242
221 245
222 225
224 250
224 253
224 251
225 250
225 237
226 252
226 227
227 232
227 230
227 248
227 250
229 241
229 247
230 237
230 239
231 239
232 254
232 255
232 237
233 248
234 252
235 244
238 239
240 242
240 249
241 242
241 250
243 252
243 250
243 253
244 246
245 253
247 251
254 255
