0 357
0 160
0 348
0 428
0 229
0 28
0 275
0 217
0 546
0 60
0 161
0 178
0 516
0 45
0 251
0 17
0 180
0 103
0 74
0 537
0 31
0 443
0 470
0 91
0 247
0 493
0 364
0 59
0 151
0 441
1 479
1 103
1 226
1 297
1 532
1 425
1 528
1 83
1 406
1 340
1 530
1 63
1 174
1 22
1 508
1 108
1 352
1 16
1 41
1 465
1 301
1 208
1 79
1 11
1 150
1 362
1 125
1 469
1 25
1 412
2 431
2 286
2 168
2 420
2 182
2 51
2 185
2 13
2 377
2 67
2 307
2 506
2 529
2 417
2 91
2 305
2 234
2 181
2 359
2 489
2 237
2 6
2 536
2 83
2 323
2 146
2 331
2 401
2 165
2 291
3 207
3 567
3 343
3 278
3 228
3 442
3 313
3 101
3 439
3 469
3 331
3 20
3 135
3 130
3 422
3 15
3 383
3 78
3 275
3 400
3 222
3 259
3 196
3 184
3 235
3 306
3 121
3 347
3 452
3 506
4 489
4 17
4 132
4 358
4 162
4 221
4 438
4 505
4 8
4 457
4 416
4 263
4 526
4 306
4 298
4 384
4 398
4 122
4 575
4 558
4 219
4 82
4 35
4 11
4 33
4 278
4 249
4 522
4 560
4 50
5 280
5 317
5 392
5 282
5 129
5 543
5 55
5 219
5 85
5 352
5 258
5 418
5 322
5 452
5 552
5 507
5 297
5 133
5 307
5 62
5 263
5 193
5 145
5 202
5 73
5 405
5 232
5 489
5 72
5 159
6 161
6 463
6 503
6 461
6 380
6 314
6 60
6 518
6 560
6 115
6 549
6 223
6 559
6 221
6 117
6 96
6 506
6 444
6 552
6 48
6 174
6 421
6 27
6 18
6 170
6 508
6 571
6 292
6 37
7 509
7 180
7 152
7 298
7 147
7 163
7 96
7 238
7 58
7 497
7 466
7 463
7 548
7 83
7 293
7 434
7 287
7 205
7 232
7 212
7 289
7 176
7 362
7 86
7 226
7 214
7 478
7 211
7 162
7 574
8 497
8 457
8 62
8 188
8 15
8 209
8 555
8 25
8 289
8 51
8 563
8 144
8 47
8 156
8 257
8 500
8 199
8 379
8 226
8 399
8 56
8 91
8 264
8 187
8 23
8 468
8 68
8 294
8 10
9 122
9 474
9 478
9 403
9 166
9 13
9 459
9 475
9 111
9 175
9 446
9 412
9 495
9 47
9 154
9 449
9 155
9 571
9 418
9 509
9 468
9 225
9 517
9 483
9 220
9 114
9 238
9 44
9 435
9 471
10 162
10 506
10 537
10 22
10 269
10 266
10 14
10 36
10 161
10 139
10 509
10 187
10 46
10 198
10 75
10 180
10 199
10 260
10 172
10 524
10 73
10 512
10 213
10 146
10 137
10 369
10 250
10 445
10 93
11 227
11 311
11 474
11 88
11 141
11 31
11 125
11 445
11 211
11 343
11 234
11 121
11 350
11 557
11 42
11 467
11 17
11 79
11 411
11 140
11 199
11 394
11 255
11 472
11 325
11 38
11 401
11 475
12 164
12 279
12 144
12 135
12 476
12 503
12 372
12 234
12 174
12 19
12 538
12 433
12 185
12 564
12 382
12 280
12 76
12 193
12 231
12 255
12 224
12 364
12 497
12 375
12 300
12 28
12 167
12 531
12 499
12 290
13 131
13 421
13 486
13 231
13 287
13 531
13 134
13 257
13 481
13 396
13 558
13 543
13 299
13 95
13 97
13 550
13 234
13 462
13 400
13 56
13 410
13 254
13 79
13 371
13 285
13 348
13 148
13 45
14 186
14 504
14 417
14 192
14 80
14 322
14 177
14 17
14 456
14 126
14 303
14 534
14 166
14 328
14 259
14 360
14 352
14 149
14 167
14 525
14 378
14 20
14 56
14 139
14 242
14 69
14 356
14 42
14 329
15 98
15 381
15 57
15 85
15 177
15 237
15 66
15 500
15 540
15 479
15 423
15 447
15 495
15 319
15 473
15 548
15 24
15 170
15 538
15 35
15 158
15 526
15 89
15 315
15 443
15 83
15 367
15 185
16 445
16 466
16 69
16 52
16 340
16 249
16 500
16 539
16 502
16 221
16 208
16 519
16 522
16 513
16 554
16 455
16 220
16 382
16 137
16 225
16 547
16 300
16 437
16 537
16 165
16 386
16 307
16 151
16 314
17 459
17 472
17 240
17 107
17 143
17 166
17 550
17 36
17 220
17 53
17 556
17 397
17 502
17 492
17 475
17 33
17 152
17 62
17 255
17 292
17 390
17 349
17 344
17 177
17 268
17 541
18 300
18 134
18 83
18 381
18 393
18 249
18 259
18 413
18 301
18 291
18 123
18 396
18 76
18 552
18 484
18 365
18 70
18 230
18 139
18 533
18 561
18 408
18 475
18 101
18 87
18 476
18 482
18 500
18 498
19 486
19 518
19 147
19 93
19 479
19 371
19 294
19 175
19 237
19 410
19 316
19 34
19 96
19 133
19 329
19 274
19 278
19 424
19 156
19 425
19 571
19 370
19 120
19 21
19 224
19 240
19 454
19 513
19 565
20 219
20 24
20 399
20 211
20 172
20 493
20 398
20 497
20 530
20 525
20 71
20 40
20 119
20 511
20 358
20 426
20 191
20 39
20 194
20 289
20 210
20 476
20 80
20 151
20 104
20 223
20 562
20 41
21 397
21 59
21 281
21 400
21 529
21 430
21 357
21 208
21 543
21 407
21 194
21 289
21 316
21 170
21 215
21 575
21 564
21 266
21 153
21 49
21 355
21 210
21 255
21 471
21 483
21 307
21 303
21 310
21 544
22 459
22 416
22 397
22 562
22 529
22 464
22 541
22 110
22 509
22 399
22 277
22 100
22 175
22 125
22 422
22 25
22 349
22 523
22 213
22 433
22 392
22 411
22 565
22 419
22 561
22 285
22 91
22 353
23 362
23 403
23 98
23 148
23 444
23 124
23 290
23 246
23 555
23 541
23 383
23 295
23 575
23 239
23 301
23 116
23 525
23 80
23 138
23 538
23 414
23 392
23 364
23 165
23 347
23 46
23 96
23 502
23 350
24 158
24 79
24 303
24 336
24 221
24 316
24 260
24 209
24 364
24 228
24 314
24 398
24 106
24 149
24 96
24 474
24 449
24 380
24 431
24 339
24 481
24 517
24 150
24 280
24 462
24 208
24 55
24 212
25 432
25 131
25 259
25 173
25 261
25 98
25 465
25 498
25 438
25 363
25 96
25 327
25 490
25 113
25 185
25 313
25 140
25 570
25 475
25 151
25 549
25 114
25 342
25 202
25 513
25 242
25 486
26 46
26 206
26 102
26 200
26 125
26 553
26 369
26 483
26 532
26 147
26 357
26 254
26 113
26 219
26 496
26 162
26 225
26 115
26 378
26 246
26 268
26 56
26 342
26 382
26 143
26 334
26 323
26 78
26 339
26 59
27 188
27 143
27 194
27 96
27 63
27 407
27 220
27 261
27 542
27 423
27 341
27 243
27 528
27 349
27 412
27 216
27 441
27 101
27 419
27 543
27 494
27 302
27 572
27 334
27 398
27 301
27 168
27 241
27 414
28 527
28 335
28 302
28 365
28 437
28 211
28 321
28 246
28 54
28 158
28 495
28 260
28 186
28 49
28 46
28 485
28 531
28 402
28 393
28 555
28 163
28 226
28 380
28 52
28 320
28 234
28 536
28 508
29 67
29 56
29 330
29 222
29 152
29 527
29 96
29 510
29 420
29 332
29 484
29 169
29 454
29 515
29 438
29 360
29 473
29 255
29 422
29 493
29 223
29 452
29 575
29 553
29 474
29 253
29 511
29 73
29 110
29 451
30 414
30 421
30 81
30 103
30 446
30 479
30 158
30 200
30 312
30 360
30 117
30 268
30 484
30 315
30 289
30 272
30 343
30 378
30 134
30 140
30 354
30 69
30 188
30 273
30 514
30 283
30 392
30 226
30 513
30 363
31 375
31 350
31 323
31 130
31 356
31 296
31 575
31 69
31 540
31 289
31 514
31 252
31 462
31 393
31 71
31 258
31 168
31 451
31 43
31 112
31 171
31 318
31 513
31 147
31 347
31 314
31 309
31 326
32 162
32 356
32 170
32 195
32 435
32 398
32 410
32 138
32 491
32 273
32 118
32 406
32 45
32 485
32 203
32 238
32 255
32 394
32 207
32 34
32 122
32 556
32 288
32 188
32 381
32 166
32 33
32 173
32 149
32 370
33 329
33 412
33 296
33 95
33 340
33 266
33 135
33 320
33 46
33 446
33 100
33 149
33 90
33 493
33 353
33 274
33 424
33 124
33 452
33 264
33 224
33 81
33 354
33 328
33 520
33 115
33 36
34 205
34 73
34 392
34 440
34 163
34 533
34 519
34 543
34 78
34 229
34 150
34 41
34 50
34 146
34 379
34 481
34 255
34 114
34 236
34 299
34 217
34 168
34 262
34 84
34 464
34 237
34 342
34 358
35 377
35 523
35 58
35 508
35 501
35 376
35 290
35 183
35 219
35 437
35 410
35 379
35 332
35 269
35 532
35 217
35 200
35 125
35 257
35 450
35 316
35 167
35 64
35 156
35 396
35 363
35 426
35 373
36 563
36 365
36 559
36 244
36 156
36 124
36 214
36 261
36 484
36 196
36 111
36 386
36 481
36 61
36 356
36 429
36 338
36 333
36 340
36 418
36 85
36 413
36 359
36 400
36 561
36 339
36 379
37 554
37 442
37 367
37 560
37 301
37 305
37 350
37 198
37 318
37 357
37 277
37 387
37 131
37 511
37 380
37 80
37 99
37 120
37 379
37 284
37 389
37 363
37 329
37 236
37 182
37 232
37 398
37 64
37 196
38 399
38 139
38 244
38 348
38 416
38 436
38 518
38 195
38 408
38 90
38 574
38 64
38 222
38 173
38 165
38 568
38 421
38 390
38 482
38 501
38 185
38 196
38 437
38 79
38 55
38 397
38 223
38 114
38 342
39 93
39 567
39 380
39 293
39 573
39 65
39 466
39 56
39 551
39 406
39 541
39 311
39 333
39 421
39 67
39 471
39 476
39 393
39 416
39 347
39 129
39 267
39 52
39 488
39 217
39 183
39 423
39 384
39 530
40 418
40 507
40 494
40 168
40 215
40 100
40 288
40 466
40 505
40 570
40 456
40 473
40 148
40 200
40 447
40 538
40 121
40 522
40 63
40 439
40 468
40 367
40 490
40 227
40 396
40 260
40 508
40 373
40 434
41 46
41 363
41 272
41 52
41 250
41 177
41 45
41 257
41 477
41 418
41 501
41 480
41 368
41 451
41 82
41 121
41 398
41 261
41 512
41 169
41 420
41 270
41 409
41 408
41 281
41 238
41 111
42 494
42 374
42 105
42 43
42 83
42 362
42 467
42 213
42 481
42 195
42 209
42 191
42 559
42 207
42 160
42 140
42 495
42 329
42 392
42 67
42 351
42 336
42 386
42 284
42 553
42 190
42 53
42 255
43 500
43 180
43 529
43 349
43 341
43 451
43 475
43 481
43 512
43 503
43 406
43 145
43 81
43 80
43 206
43 533
43 489
43 116
43 265
43 501
43 469
43 102
43 531
43 436
43 502
43 408
43 571
43 110
44 392
44 191
44 528
44 514
44 147
44 370
44 98
44 90
44 384
44 251
44 335
44 290
44 557
44 97
44 386
44 316
44 422
44 500
44 108
44 425
44 504
44 69
44 288
44 172
44 458
44 152
44 379
44 258
44 466
45 570
45 269
45 225
45 426
45 338
45 209
45 241
45 359
45 368
45 248
45 311
45 80
45 153
45 429
45 282
45 218
45 497
45 369
45 339
45 222
45 178
45 59
45 565
45 435
45 443
45 451
46 519
46 245
46 462
46 539
46 315
46 271
46 157
46 410
46 101
46 312
46 313
46 454
46 211
46 182
46 324
46 55
46 323
46 266
46 367
46 411
46 223
46 145
46 424
46 126
47 107
47 168
47 368
47 244
47 302
47 49
47 76
47 223
47 237
47 552
47 380
47 169
47 388
47 200
47 236
47 524
47 284
47 180
47 452
47 527
47 55
47 251
47 448
47 561
47 265
47 68
47 301
47 381
48 514
48 149
48 242
48 247
48 509
48 359
48 91
48 378
48 501
48 177
48 325
48 361
48 233
48 211
48 255
48 551
48 57
48 217
48 537
48 444
48 289
48 85
48 94
48 61
48 440
48 200
48 526
48 60
48 197
49 473
49 374
49 258
49 292
49 532
49 124
49 549
49 303
49 130
49 406
49 212
49 86
49 249
49 440
49 433
49 538
49 300
49 99
49 270
49 182
49 470
49 466
49 223
49 197
49 479
49 250
49 371
50 134
50 207
50 266
50 547
50 86
50 126
50 211
50 168
50 507
50 213
50 132
50 339
50 456
50 270
50 183
50 394
50 79
50 195
50 125
50 236
50 453
50 196
50 253
50 265
50 474
50 470
50 503
50 248
51 341
51 333
51 507
51 484
51 156
51 476
51 192
51 344
51 547
51 403
51 531
51 351
51 315
51 430
51 292
51 520
51 443
51 206
51 487
51 556
51 416
51 306
51 562
51 464
51 108
51 69
51 477
51 241
52 346
52 53
52 88
52 113
52 572
52 215
52 475
52 296
52 540
52 236
52 286
52 224
52 134
52 108
52 366
52 107
52 129
52 395
52 392
52 384
52 569
52 85
52 462
52 206
52 574
52 560
53 371
53 368
53 125
53 361
53 441
53 260
53 312
53 486
53 535
53 478
53 485
53 130
53 193
53 350
53 447
53 153
53 453
53 397
53 194
53 286
53 414
53 129
53 71
53 367
53 118
53 422
53 558
54 346
54 104
54 564
54 376
54 526
54 218
54 256
54 387
54 252
54 164
54 243
54 274
54 523
54 142
54 292
54 116
54 506
54 385
54 65
54 242
54 515
54 283
54 425
54 153
54 200
54 336
54 408
54 165
54 297
55 69
55 299
55 476
55 247
55 535
55 305
55 464
55 486
55 88
55 212
55 336
55 266
55 434
55 316
55 201
55 499
55 558
55 295
55 112
55 338
55 273
55 556
55 136
55 146
55 452
56 407
56 516
56 203
56 88
56 276
56 304
56 569
56 87
56 110
56 564
56 473
56 288
56 443
56 480
56 82
56 458
56 467
56 559
56 357
56 542
56 469
56 525
56 94
56 402
57 270
57 402
57 64
57 431
57 545
57 438
57 370
57 307
57 262
57 352
57 389
57 296
57 311
57 464
57 396
57 155
57 328
57 372
57 271
57 171
57 459
57 180
57 443
57 77
57 159
57 214
57 283
57 449
58 369
58 134
58 186
58 507
58 526
58 451
58 391
58 228
58 431
58 154
58 284
58 435
58 573
58 370
58 439
58 62
58 197
58 527
58 245
58 339
58 262
58 259
58 180
58 444
58 486
58 194
58 404
58 100
59 340
59 106
59 419
59 144
59 422
59 71
59 89
59 553
59 492
59 406
59 183
59 534
59 563
59 435
59 63
59 73
59 448
59 131
59 64
59 217
59 237
59 82
59 527
59 134
59 115
59 399
60 505
60 543
60 548
60 244
60 566
60 484
60 429
60 301
60 312
60 203
60 431
60 108
60 563
60 328
60 455
60 394
60 387
60 167
60 546
60 176
60 139
60 113
60 238
60 160
60 499
60 549
60 245
61 103
61 163
61 515
61 518
61 375
61 434
61 388
61 569
61 74
61 216
61 329
61 355
61 209
61 423
61 357
61 416
61 247
61 377
61 130
61 522
61 475
61 507
61 427
61 313
61 410
61 172
61 80
61 512
62 529
62 127
62 71
62 79
62 114
62 554
62 142
62 491
62 240
62 416
62 494
62 153
62 512
62 400
62 115
62 236
62 402
62 285
62 345
62 501
62 538
62 455
62 184
62 317
62 533
62 76
63 67
63 380
63 263
63 185
63 284
63 445
63 138
63 385
63 374
63 533
63 351
63 290
63 565
63 78
63 273
63 312
63 90
63 270
63 87
63 462
63 220
63 159
63 411
63 298
63 563
63 297
64 195
64 349
64 337
64 99
64 516
64 260
64 554
64 417
64 363
64 509
64 366
64 272
64 534
64 454
64 386
64 507
64 240
64 307
64 301
64 68
64 256
64 413
64 145
64 205
64 419
65 418
65 274
65 93
65 258
65 398
65 509
65 519
65 130
65 381
65 115
65 83
65 529
65 403
65 499
65 272
65 380
65 201
65 365
65 242
65 171
65 390
65 188
65 541
65 547
65 287
65 443
65 441
65 248
66 180
66 432
66 152
66 439
66 467
66 291
66 462
66 564
66 281
66 71
66 469
66 272
66 221
66 293
66 196
66 417
66 413
66 441
66 403
66 232
66 144
66 224
66 109
66 198
66 244
66 523
66 485
66 150
66 311
67 199
67 310
67 439
67 534
67 244
67 249
67 528
67 405
67 257
67 309
67 215
67 482
67 162
67 364
67 486
67 99
67 211
67 239
67 129
67 490
67 557
67 110
67 77
67 435
67 183
68 288
68 342
68 423
68 150
68 550
68 305
68 523
68 277
68 312
68 321
68 497
68 390
68 452
68 480
68 156
68 129
68 293
68 170
68 202
68 132
68 187
68 149
68 252
68 533
68 291
68 491
68 179
69 566
69 423
69 465
69 265
69 349
69 526
69 276
69 285
69 508
69 470
69 313
69 209
69 310
69 420
69 229
69 432
69 365
69 459
69 436
69 294
69 362
69 372
69 127
70 328
70 205
70 444
70 410
70 267
70 488
70 195
70 85
70 423
70 251
70 467
70 112
70 141
70 549
70 278
70 257
70 462
70 562
70 535
70 226
70 225
70 153
70 300
70 275
70 384
70 332
70 448
70 346
70 223
71 249
71 540
71 493
71 286
71 92
71 111
71 336
71 407
71 136
71 488
71 120
71 454
71 381
71 335
71 140
71 402
71 427
71 89
71 164
71 541
71 233
71 193
71 376
71 528
72 197
72 283
72 128
72 278
72 321
72 330
72 172
72 261
72 369
72 467
72 86
72 240
72 532
72 516
72 272
72 471
72 504
72 548
72 175
72 375
72 424
72 279
72 487
72 286
72 500
72 285
72 122
72 110
72 117
73 481
73 224
73 195
73 445
73 439
73 325
73 291
73 122
73 344
73 243
73 287
73 182
73 530
73 209
73 545
73 537
73 267
73 505
73 496
73 75
73 207
73 247
73 97
73 277
73 148
74 92
74 496
74 453
74 355
74 277
74 309
74 507
74 146
74 486
74 296
74 540
74 330
74 226
74 398
74 343
74 374
74 465
74 135
74 341
74 227
74 549
74 491
74 171
74 382
74 259
74 520
74 408
74 485
75 279
75 163
75 470
75 437
75 350
75 173
75 262
75 272
75 552
75 129
75 306
75 489
75 209
75 184
75 499
75 254
75 119
75 370
75 412
75 334
75 394
75 288
75 301
75 540
75 96
75 142
75 372
75 143
76 153
76 431
76 540
76 160
76 337
76 151
76 469
76 345
76 298
76 289
76 117
76 279
76 439
76 325
76 168
76 310
76 322
76 230
76 277
76 448
76 520
76 410
76 568
76 403
76 143
76 480
77 412
77 439
77 362
77 428
77 234
77 473
77 95
77 416
77 220
77 324
77 546
77 85
77 189
77 424
77 159
77 480
77 137
77 365
77 497
77 395
77 421
77 303
77 491
77 299
77 130
77 168
77 389
77 387
78 323
78 213
78 299
78 139
78 356
78 498
78 192
78 191
78 135
78 193
78 527
78 317
78 232
78 408
78 233
78 298
78 118
78 377
78 362
78 437
78 346
78 197
78 386
78 304
78 103
78 407
79 376
79 305
79 259
79 365
79 482
79 245
79 555
79 172
79 255
79 102
79 337
79 523
79 414
79 552
79 544
79 174
79 151
79 297
79 224
79 303
79 403
79 94
79 371
80 490
80 207
80 340
80 508
80 248
80 162
80 309
80 85
80 240
80 171
80 253
80 192
80 563
80 103
80 431
80 551
80 537
80 127
80 173
80 371
80 466
80 136
80 344
81 439
81 509
81 308
81 565
81 114
81 542
81 353
81 543
81 329
81 155
81 455
81 321
81 107
81 525
81 327
81 174
81 433
81 379
81 413
81 153
81 306
81 495
81 192
81 474
81 224
81 286
81 456
82 407
82 265
82 297
82 444
82 210
82 227
82 510
82 293
82 496
82 117
82 383
82 371
82 421
82 252
82 266
82 279
82 367
82 522
82 164
82 108
82 158
82 120
82 114
82 471
82 235
82 89
83 244
83 507
83 282
83 343
83 279
83 139
83 574
83 318
83 231
83 262
83 95
83 556
83 130
83 187
83 246
83 85
83 287
83 117
83 482
83 466
83 401
83 575
83 382
84 343
84 346
84 175
84 456
84 407
84 424
84 376
84 388
84 563
84 246
84 379
84 444
84 195
84 489
84 453
84 554
84 524
84 461
84 440
84 393
84 497
84 313
84 573
84 278
84 152
84 206
84 228
84 115
84 487
85 169
85 337
85 392
85 523
85 274
85 470
85 570
85 154
85 567
85 161
85 118
85 462
85 135
85 210
85 224
85 164
85 485
85 368
85 553
85 256
85 350
86 402
86 352
86 142
86 570
86 99
86 155
86 340
86 103
86 336
86 445
86 553
86 125
86 518
86 407
86 566
86 531
86 291
86 258
86 423
86 283
86 239
86 478
86 149
86 395
86 169
86 460
87 525
87 419
87 237
87 94
87 145
87 512
87 320
87 454
87 557
87 112
87 387
87 568
87 135
87 470
87 548
87 173
87 479
87 125
87 417
87 549
87 567
87 111
87 224
87 477
87 461
87 132
87 390
88 152
88 142
88 233
88 404
88 435
88 231
88 140
88 220
88 222
88 92
88 359
88 291
88 138
88 100
88 546
88 316
88 286
88 93
88 380
88 229
88 116
88 510
88 185
88 562
88 254
88 363
89 387
89 377
89 388
89 287
89 392
89 90
89 155
89 504
89 490
89 394
89 170
89 150
89 143
89 268
89 101
89 124
89 239
89 112
89 189
89 103
89 559
89 330
89 477
89 286
89 409
89 141
90 194
90 494
90 192
90 475
90 111
90 455
90 459
90 250
90 381
90 197
90 223
90 196
90 138
90 379
90 558
90 369
90 505
90 142
90 244
90 480
90 258
90 496
90 555
90 273
90 212
91 330
91 314
91 113
91 516
91 551
91 454
91 413
91 362
91 385
91 196
91 445
91 499
91 404
91 447
91 501
91 459
91 406
91 450
91 488
91 473
91 493
91 468
91 238
91 118
91 235
92 342
92 455
92 269
92 246
92 381
92 459
92 390
92 549
92 391
92 364
92 202
92 518
92 326
92 263
92 452
92 362
92 315
92 261
92 537
92 161
92 102
92 307
92 385
92 545
92 99
92 333
92 510
93 400
93 105
93 248
93 218
93 169
93 388
93 150
93 540
93 552
93 305
93 349
93 446
93 522
93 427
93 335
93 532
93 499
93 386
93 438
93 565
93 197
93 387
93 295
93 477
93 434
94 520
94 563
94 466
94 567
94 192
94 572
94 575
94 443
94 411
94 123
94 530
94 343
94 109
94 570
94 146
94 503
94 128
94 395
94 280
94 190
94 368
94 166
94 427
94 562
94 116
94 205
95 419
95 104
95 503
95 507
95 346
95 222
95 322
95 334
95 491
95 285
95 354
95 371
95 550
95 460
95 445
95 379
95 146
95 275
95 301
95 427
95 289
95 428
95 280
95 97
95 338
95 155
96 100
96 532
96 504
96 302
96 427
96 315
96 141
96 129
96 119
96 489
96 317
96 153
96 273
96 366
96 406
96 420
96 166
96 299
96 122
96 114
96 539
97 562
97 347
97 214
97 279
97 367
97 445
97 479
97 236
97 481
97 470
97 554
97 365
97 233
97 133
97 326
97 560
97 545
97 398
97 573
97 153
97 124
97 521
97 461
97 460
97 381
97 363
98 193
98 534
98 387
98 356
98 450
98 491
98 266
98 551
98 561
98 344
98 140
98 415
98 227
98 543
98 102
98 395
98 178
98 518
98 284
98 376
98 143
98 516
98 500
98 300
98 287
98 290
99 492
99 194
99 409
99 249
99 228
99 245
99 224
99 295
99 298
99 546
99 257
99 109
99 242
99 178
99 326
99 507
99 386
99 277
99 436
99 514
99 401
99 410
99 108
99 495
100 268
100 336
100 401
100 334
100 435
100 567
100 444
100 453
100 197
100 103
100 245
100 271
100 564
100 440
100 449
100 363
100 366
100 243
100 108
100 454
100 234
100 537
100 356
100 277
101 431
101 115
101 297
101 386
101 200
101 243
101 126
101 216
101 347
101 486
101 470
101 411
101 384
101 177
101 551
101 491
101 463
101 307
101 156
101 222
101 375
101 153
101 413
101 448
101 367
102 371
102 450
102 439
102 272
102 149
102 222
102 220
102 503
102 302
102 161
102 244
102 392
102 399
102 216
102 317
102 276
102 318
102 104
102 109
102 526
102 181
102 133
102 112
102 140
102 434
103 391
103 112
103 370
103 494
103 257
103 319
103 145
103 515
103 425
103 280
103 552
103 408
103 291
103 196
103 560
103 422
103 116
103 551
103 491
103 299
103 209
104 395
104 284
104 257
104 474
104 513
104 479
104 393
104 328
104 526
104 161
104 574
104 150
104 447
104 569
104 128
104 404
104 453
104 138
104 539
104 472
104 464
104 184
104 374
104 385
104 351
104 375
105 259
105 490
105 211
105 280
105 360
105 271
105 262
105 545
105 220
105 480
105 238
105 111
105 321
105 476
105 184
105 526
105 277
105 181
105 289
105 553
105 479
105 348
105 126
105 134
105 413
105 407
105 429
105 332
106 200
106 543
106 458
106 118
106 238
106 177
106 535
106 425
106 168
106 295
106 162
106 567
106 559
106 196
106 401
106 233
106 538
106 434
106 157
106 342
106 158
106 370
106 459
106 353
106 206
106 292
106 373
106 418
107 280
107 337
107 537
107 123
107 447
107 572
107 377
107 276
107 200
107 373
107 140
107 171
107 574
107 512
107 339
107 403
107 464
107 313
107 132
107 288
107 234
107 532
107 329
107 119
107 496
107 395
108 324
108 525
108 377
108 218
108 337
108 278
108 279
108 263
108 191
108 511
108 494
108 277
108 430
108 180
108 196
108 296
108 199
108 470
108 375
108 171
108 220
108 308
109 142
109 325
109 436
109 418
109 247
109 264
109 239
109 205
109 231
109 329
109 331
109 302
109 342
109 446
109 314
109 428
109 454
109 431
109 437
109 390
109 464
109 430
109 504
109 398
109 393
109 269
110 230
110 546
110 177
110 272
110 260
110 271
110 161
110 358
110 444
110 231
110 316
110 265
110 284
110 355
110 545
110 157
110 336
110 395
110 506
110 472
110 491
110 124
110 120
110 218
111 502
111 141
111 258
111 495
111 175
111 361
111 312
111 253
111 394
111 310
111 542
111 363
111 147
111 216
111 227
111 247
111 470
111 468
111 567
111 316
111 244
111 460
111 395
112 120
112 543
112 514
112 302
112 309
112 175
112 432
112 279
112 115
112 373
112 474
112 366
112 162
112 144
112 300
112 259
112 349
112 460
112 325
112 515
112 326
112 228
112 357
113 427
113 358
113 387
113 390
113 360
113 444
113 243
113 175
113 522
113 234
113 235
113 422
113 350
113 310
113 280
113 516
113 482
113 558
113 380
113 332
113 323
113 153
113 478
113 466
113 326
114 366
114 472
114 540
114 340
114 307
114 460
114 181
114 300
114 358
114 319
114 201
114 478
114 542
114 204
114 466
114 312
114 239
114 206
114 506
114 320
114 329
114 267
115 127
115 535
115 227
115 131
115 436
115 428
115 364
115 158
115 523
115 433
115 161
115 226
115 172
115 192
115 132
115 291
115 301
115 284
115 449
115 356
115 332
116 285
116 464
116 198
116 510
116 385
116 155
116 335
116 204
116 217
116 575
116 431
116 373
116 544
116 507
116 472
116 356
116 424
116 310
116 223
116 224
116 189
116 480
116 329
116 343
117 450
117 173
117 154
117 442
117 504
117 493
117 274
117 201
117 554
117 500
117 440
117 181
117 474
117 148
117 197
117 390
117 175
117 206
117 435
117 362
117 159
117 156
117 457
117 488
118 176
118 183
118 530
118 297
118 451
118 522
118 244
118 430
118 258
118 241
118 556
118 152
118 456
118 516
118 301
118 506
118 436
118 309
118 181
118 342
118 517
118 328
118 234
118 504
119 346
119 433
119 127
119 383
119 182
119 556
119 355
119 154
119 531
119 171
119 501
119 533
119 467
119 379
119 175
119 307
119 146
119 522
119 435
119 196
119 124
119 546
119 310
119 429
119 352
119 414
120 165
120 149
120 407
120 351
120 466
120 385
120 479
120 231
120 203
120 428
120 337
120 441
120 254
120 450
120 259
120 223
120 352
120 156
120 386
120 166
120 325
120 389
120 365
120 281
121 124
121 491
121 131
121 558
121 430
121 402
121 334
121 515
121 450
121 369
121 295
121 188
121 431
121 493
121 202
121 346
121 147
121 375
121 561
121 549
121 358
121 372
121 245
121 129
121 516
121 483
122 137
122 520
122 140
122 331
122 501
122 308
122 352
122 417
122 552
122 507
122 304
122 250
122 563
122 215
122 476
122 402
122 246
122 268
122 232
122 367
122 243
122 144
122 486
122 156
123 138
123 216
123 241
123 214
123 358
123 210
123 213
123 169
123 352
123 136
123 196
123 187
123 566
123 272
123 302
123 170
123 426
123 413
123 405
123 228
123 217
123 382
123 168
123 371
123 326
123 536
123 182
124 530
124 180
124 134
124 242
124 261
124 416
124 181
124 205
124 370
124 247
124 188
124 232
124 305
124 167
124 350
124 227
124 215
124 209
124 270
124 571
124 309
125 216
125 348
125 555
125 489
125 145
125 252
125 144
125 192
125 198
125 310
125 491
125 393
125 388
125 181
125 225
125 149
125 446
125 161
125 136
125 179
125 545
126 133
126 306
126 408
126 366
126 197
126 169
126 538
126 468
126 234
126 217
126 212
126 465
126 275
126 466
126 210
126 463
126 218
126 188
126 515
126 290
126 233
126 312
126 442
126 479
126 412
127 231
127 292
127 217
127 494
127 397
127 214
127 312
127 278
127 536
127 518
127 520
127 208
127 395
127 268
127 199
127 413
127 434
127 152
127 388
127 542
127 528
127 173
127 187
127 574
127 507
128 212
128 249
128 372
128 170
128 386
128 451
128 267
128 319
128 358
128 343
128 560
128 521
128 525
128 563
128 160
128 188
128 397
128 490
128 154
128 379
128 575
128 287
128 529
128 320
128 545
128 412
128 373
129 276
129 369
129 139
129 563
129 498
129 285
129 564
129 468
129 520
129 436
129 447
129 235
129 189
129 392
129 303
129 396
129 393
129 271
129 361
129 153
129 193
130 527
130 347
130 175
130 268
130 178
130 410
130 501
130 545
130 218
130 301
130 293
130 317
130 513
130 280
130 572
130 361
130 138
130 471
130 139
130 306
130 345
130 231
131 315
131 537
131 136
131 540
131 485
131 293
131 404
131 423
131 424
131 264
131 459
131 564
131 552
131 152
131 426
131 528
131 379
131 521
131 360
131 408
131 279
131 148
131 222
131 154
132 554
132 404
132 362
132 144
132 270
132 318
132 562
132 191
132 230
132 163
132 158
132 195
132 178
132 322
132 570
132 467
132 139
132 486
132 358
132 335
132 506
132 477
132 286
132 222
133 434
133 358
133 394
133 497
133 190
133 269
133 333
133 306
133 490
133 252
133 474
133 494
133 444
133 220
133 534
133 417
133 295
133 485
133 213
133 301
133 516
133 396
133 154
133 246
133 346
134 193
134 563
134 162
134 344
134 338
134 149
134 199
134 176
134 389
134 474
134 204
134 527
134 547
134 569
134 468
134 164
134 422
134 269
134 296
134 247
134 424
135 252
135 547
135 544
135 218
135 450
135 201
135 151
135 169
135 546
135 321
135 488
135 498
135 478
135 314
135 528
135 532
135 417
135 451
135 445
135 414
135 248
135 331
135 271
136 372
136 365
136 565
136 274
136 236
136 482
136 449
136 188
136 250
136 539
136 535
136 383
136 177
136 247
136 181
136 497
136 520
136 178
136 357
136 429
136 208
136 334
136 547
136 531
137 244
137 245
137 254
137 383
137 278
137 390
137 527
137 291
137 318
137 160
137 414
137 145
137 174
137 540
137 284
137 411
137 490
137 212
137 361
137 216
137 177
137 323
137 484
137 331
137 282
137 523
138 308
138 386
138 306
138 506
138 257
138 545
138 154
138 193
138 345
138 551
138 158
138 456
138 282
138 427
138 349
138 331
138 342
138 528
138 382
138 357
138 187
138 205
139 397
139 573
139 227
139 500
139 402
139 271
139 283
139 410
139 341
139 565
139 332
139 190
139 150
139 460
139 450
139 327
139 350
139 238
139 142
139 320
140 177
140 221
140 241
140 191
140 470
140 410
140 210
140 420
140 343
140 416
140 563
140 274
140 507
140 299
140 273
140 235
140 324
140 424
140 167
140 271
141 570
141 542
141 382
141 387
141 253
141 538
141 148
141 324
141 464
141 565
141 186
141 269
141 461
141 381
141 355
141 452
141 436
141 544
141 535
141 352
141 354
141 448
141 283
141 317
141 493
142 281
142 144
142 170
142 313
142 528
142 229
142 207
142 398
142 265
142 266
142 328
142 261
142 502
142 553
142 389
142 494
142 565
142 175
142 346
142 560
142 551
142 231
143 507
143 421
143 275
143 475
143 149
143 267
143 158
143 249
143 176
143 566
143 191
143 253
143 565
143 165
143 434
143 163
143 378
143 530
143 567
143 385
143 269
143 540
143 357
144 297
144 569
144 494
144 504
144 159
144 182
144 251
144 468
144 242
144 465
144 341
144 343
144 545
144 431
144 472
144 315
144 179
144 223
144 453
144 307
144 354
145 359
145 560
145 364
145 520
145 262
145 433
145 480
145 438
145 540
145 457
145 188
145 175
145 511
145 403
145 500
145 345
145 527
145 241
145 564
145 453
145 275
145 570
146 553
146 291
146 215
146 226
146 311
146 173
146 538
146 499
146 167
146 346
146 565
146 571
146 236
146 492
146 406
146 222
146 335
146 344
146 442
146 197
146 456
146 189
147 203
147 223
147 246
147 313
147 292
147 256
147 201
147 257
147 339
147 353
147 441
147 296
147 537
147 297
147 417
147 348
147 499
147 428
147 554
147 318
147 188
147 487
147 343
148 366
148 402
148 162
148 214
148 355
148 176
148 392
148 476
148 220
148 313
148 408
148 378
148 305
148 364
148 575
148 274
148 453
148 212
148 437
148 194
148 308
148 389
148 463
149 173
149 352
149 367
149 159
149 425
149 326
149 433
149 338
149 521
149 235
149 377
149 400
149 380
149 251
149 489
149 189
149 281
149 372
150 481
150 532
150 467
150 212
150 279
150 186
150 492
150 323
150 151
150 315
150 509
150 309
150 395
150 296
150 387
150 290
150 423
150 408
150 570
150 413
150 529
151 509
151 553
151 223
151 361
151 263
151 492
151 222
151 282
151 525
151 157
151 347
151 341
151 158
151 284
151 178
151 353
151 502
151 230
151 288
151 424
151 376
151 423
152 406
152 281
152 175
152 532
152 388
152 484
152 566
152 382
152 260
152 272
152 393
152 378
152 195
152 259
152 280
152 252
152 563
152 431
152 341
152 435
153 160
153 457
153 546
153 443
153 446
153 303
153 196
153 331
153 290
153 208
153 168
153 173
153 419
153 554
153 382
153 172
153 366
154 506
154 209
154 483
154 512
154 411
154 278
154 390
154 273
154 536
154 259
154 441
154 559
154 253
154 547
154 249
154 507
154 323
154 281
154 449
154 565
154 208
155 179
155 469
155 434
155 226
155 325
155 306
155 255
155 566
155 380
155 490
155 427
155 294
155 261
155 557
155 401
155 296
155 404
155 271
155 353
155 539
155 202
155 416
155 369
156 426
156 229
156 574
156 422
156 193
156 207
156 337
156 549
156 445
156 501
156 436
156 268
156 244
156 316
156 438
156 393
156 569
156 254
156 274
156 280
157 438
157 333
157 550
157 309
157 350
157 167
157 566
157 187
157 227
157 329
157 320
157 286
157 381
157 289
157 453
157 276
157 408
157 496
157 441
157 303
157 235
157 425
157 223
157 383
157 495
157 366
158 250
158 181
158 575
158 313
158 274
158 345
158 230
158 244
158 488
158 248
158 371
158 186
158 310
158 261
158 255
158 476
158 428
158 204
158 546
159 510
159 287
159 363
159 307
159 335
159 175
159 436
159 547
159 160
159 296
159 458
159 481
159 198
159 488
159 561
159 366
159 232
159 288
159 494
159 277
159 444
159 558
159 248
160 331
160 543
160 383
160 317
160 226
160 423
160 224
160 407
160 248
160 187
160 212
160 358
160 268
160 261
160 254
160 164
160 475
160 370
160 225
160 538
160 196
160 454
161 502
161 406
161 417
161 392
161 389
161 174
161 572
161 251
161 434
161 310
161 477
161 458
161 482
161 239
161 496
161 184
161 524
161 228
161 488
161 193
162 479
162 570
162 425
162 403
162 229
162 431
162 278
162 361
162 412
162 445
162 289
162 185
162 307
162 421
162 386
162 554
162 485
162 288
162 241
163 411
163 558
163 446
163 177
163 502
163 525
163 500
163 217
163 220
163 286
163 230
163 268
163 418
163 473
163 442
163 297
163 364
163 370
163 467
163 368
163 527
163 317
163 451
164 354
164 355
164 291
164 449
164 301
164 466
164 562
164 376
164 557
164 304
164 302
164 455
164 388
164 470
164 550
164 574
164 360
164 536
164 500
164 334
164 373
164 269
164 369
165 435
165 259
165 241
165 276
165 298
165 512
165 395
165 514
165 291
165 524
165 380
165 367
165 261
165 217
165 280
165 256
165 457
165 426
165 570
165 310
165 295
165 353
165 547
166 208
166 201
166 207
166 449
166 444
166 471
166 433
166 325
166 470
166 263
166 455
166 408
166 404
166 409
166 181
166 534
166 218
166 569
166 514
166 315
166 561
166 254
166 270
167 564
167 406
167 525
167 278
167 557
167 443
167 216
167 570
167 501
167 428
167 547
167 432
167 176
167 308
167 485
167 471
167 277
167 323
167 294
167 292
167 391
167 499
168 231
168 419
168 319
168 502
168 518
168 433
168 190
168 369
168 271
168 360
168 232
168 511
168 569
168 278
168 304
168 264
168 272
168 251
169 370
169 189
169 256
169 501
169 453
169 459
169 488
169 542
169 505
169 529
169 403
169 500
169 289
169 191
169 227
169 366
169 380
169 534
169 282
169 179
169 265
170 458
170 360
170 347
170 346
170 397
170 172
170 199
170 336
170 568
170 418
170 486
170 438
170 248
170 573
170 297
170 516
170 546
170 216
170 466
170 306
170 364
171 310
171 378
171 524
171 196
171 220
171 303
171 387
171 207
171 264
171 257
171 213
171 212
171 237
171 571
171 504
171 405
171 491
171 402
171 367
171 466
171 542
171 357
172 530
172 555
172 237
172 409
172 252
172 479
172 286
172 206
172 363
172 298
172 304
172 403
172 193
172 212
172 180
172 202
172 541
172 510
172 274
172 471
172 309
173 250
173 400
173 335
173 197
173 202
173 412
173 180
173 447
173 425
173 192
173 523
173 323
173 222
173 252
173 520
173 195
173 239
173 384
173 427
174 293
174 366
174 504
174 539
174 563
174 217
174 423
174 404
174 408
174 295
174 405
174 348
174 428
174 203
174 433
174 426
174 270
174 376
174 490
174 374
174 306
174 565
174 483
175 276
175 367
175 249
175 195
175 396
175 471
175 217
175 270
175 230
175 495
175 401
175 340
175 243
175 414
175 337
176 260
176 334
176 182
176 455
176 384
176 311
176 520
176 357
176 411
176 486
176 488
176 319
176 393
176 290
176 553
176 365
176 282
176 196
176 381
176 418
176 298
176 198
176 532
177 271
177 305
177 351
177 436
177 356
177 237
177 478
177 206
177 376
177 545
177 345
177 507
177 276
177 268
177 384
177 258
177 353
177 346
178 365
178 378
178 545
178 569
178 266
178 205
178 472
178 523
178 348
178 412
178 500
178 346
178 521
178 559
178 388
178 548
178 339
178 308
178 317
178 234
178 363
178 179
179 278
179 364
179 201
179 505
179 551
179 182
179 406
179 518
179 320
179 233
179 401
179 341
179 210
179 225
179 391
179 345
179 561
179 329
179 205
179 385
179 526
179 570
179 365
179 349
180 316
180 235
180 345
180 534
180 385
180 461
180 258
180 389
180 276
180 405
180 539
180 519
180 503
180 300
180 486
180 298
180 368
180 480
181 317
181 494
181 451
181 541
181 533
181 492
181 373
181 289
181 454
181 375
181 291
181 402
181 452
181 384
181 248
181 379
181 527
181 198
181 517
182 244
182 327
182 286
182 356
182 480
182 355
182 374
182 544
182 459
182 573
182 211
182 539
182 487
182 505
182 275
182 548
182 430
182 349
182 570
182 482
183 469
183 250
183 237
183 375
183 475
183 285
183 429
183 499
183 239
183 260
183 444
183 442
183 324
183 256
183 425
183 328
183 484
183 433
183 545
183 199
183 480
183 314
183 216
183 222
184 362
184 456
184 203
184 572
184 527
184 549
184 185
184 418
184 566
184 507
184 291
184 228
184 475
184 387
184 486
184 440
184 308
184 283
184 277
184 340
184 575
184 570
184 479
184 471
185 405
185 429
185 358
185 186
185 207
185 303
185 436
185 414
185 452
185 462
185 483
185 322
185 520
185 225
185 460
185 440
185 463
185 391
185 500
185 427
185 242
186 311
186 192
186 510
186 340
186 387
186 541
186 472
186 228
186 544
186 383
186 281
186 499
186 216
186 457
186 231
186 343
186 195
186 296
186 302
186 552
186 504
186 534
186 350
187 273
187 225
187 233
187 421
187 295
187 375
187 243
187 502
187 296
187 569
187 430
187 485
187 327
187 201
187 270
187 313
187 435
187 384
187 189
187 324
187 387
188 425
188 462
188 546
188 436
188 230
188 265
188 397
188 519
188 468
188 437
188 370
188 334
188 387
188 325
188 512
188 337
188 553
188 210
189 225
189 564
189 558
189 527
189 455
189 367
189 415
189 301
189 261
189 374
189 529
189 568
189 314
189 531
189 224
189 519
189 313
189 375
189 420
189 477
189 472
189 210
190 335
190 574
190 391
190 550
190 374
190 409
190 424
190 441
190 387
190 545
190 476
190 430
190 449
190 553
190 543
190 380
190 383
190 359
190 240
190 414
190 306
190 548
190 406
190 541
190 319
191 396
191 569
191 549
191 319
191 331
191 321
191 460
191 255
191 333
191 434
191 256
191 226
191 554
191 539
191 516
191 368
191 291
191 279
191 518
191 262
191 471
192 319
192 401
192 420
192 513
192 355
192 296
192 249
192 203
192 205
192 265
192 462
192 516
192 222
192 221
192 301
192 262
192 481
192 381
192 419
193 521
193 332
193 542
193 411
193 401
193 442
193 437
193 409
193 423
193 195
193 446
193 270
193 301
193 522
193 289
193 324
193 318
193 537
194 379
194 275
194 292
194 469
194 416
194 323
194 325
194 510
194 495
194 569
194 566
194 450
194 513
194 291
194 547
194 368
194 548
194 266
194 225
194 451
194 231
194 405
195 233
195 354
195 510
195 218
195 571
195 572
195 490
195 465
195 351
195 398
195 334
195 317
195 551
195 318
195 289
195 455
196 324
196 423
196 503
196 217
196 320
196 359
196 398
196 246
196 490
196 436
196 472
196 470
196 321
197 315
197 536
197 426
197 559
197 277
197 307
197 502
197 267
197 441
197 234
197 418
197 305
197 393
197 534
197 241
197 543
197 209
197 399
198 335
198 268
198 328
198 269
198 493
198 432
198 572
198 322
198 481
198 491
198 210
198 498
198 256
198 416
198 476
198 433
198 246
198 233
198 340
198 559
198 460
198 485
199 448
199 210
199 408
199 449
199 253
199 302
199 460
199 254
199 424
199 240
199 517
199 447
199 361
199 427
199 554
199 521
199 275
199 378
199 258
199 205
199 450
200 271
200 481
200 266
200 293
200 409
200 432
200 533
200 322
200 294
200 422
200 482
200 309
200 308
200 225
200 532
200 252
200 214
200 286
200 319
200 216
201 286
201 405
201 271
201 559
201 403
201 209
201 217
201 205
201 228
201 474
201 219
201 540
201 301
201 250
201 318
201 521
201 406
201 304
201 359
201 395
201 280
202 298
202 569
202 429
202 411
202 500
202 367
202 332
202 218
202 355
202 324
202 228
202 550
202 386
202 342
202 258
202 402
202 294
202 439
202 538
202 378
202 292
202 350
203 517
203 446
203 330
203 307
203 538
203 366
203 503
203 480
203 247
203 399
203 397
203 376
203 495
203 390
203 256
203 466
203 467
203 561
203 512
203 571
203 271
203 301
204 398
204 331
204 440
204 386
204 218
204 534
204 257
204 475
204 293
204 279
204 352
204 241
204 205
204 473
204 574
204 548
204 243
204 397
204 524
204 351
204 508
204 252
204 477
204 493
204 288
204 354
205 552
205 422
205 550
205 514
205 366
205 342
205 407
205 237
205 389
205 332
205 530
205 483
205 210
205 396
205 438
205 323
206 273
206 380
206 561
206 564
206 269
206 407
206 432
206 486
206 492
206 465
206 275
206 460
206 505
206 207
206 302
206 489
206 330
206 479
206 295
206 546
207 263
207 413
207 421
207 245
207 468
207 542
207 260
207 270
207 328
207 532
207 300
207 320
207 317
207 434
207 291
207 310
207 249
207 537
208 455
208 420
208 399
208 477
208 567
208 507
208 389
208 499
208 532
208 320
208 462
208 460
208 356
208 364
208 242
208 537
208 233
208 542
208 501
208 360
208 548
209 337
209 490
209 376
209 503
209 214
209 258
209 419
209 231
209 462
209 237
209 493
209 393
209 496
209 483
209 311
209 505
209 547
210 515
210 241
210 459
210 419
210 410
210 461
210 326
210 303
210 335
210 317
210 340
210 312
210 254
210 451
210 382
210 552
210 265
211 397
211 500
211 308
211 390
211 370
211 543
211 276
211 511
211 413
211 504
211 415
211 498
211 410
211 222
211 461
211 246
211 366
211 351
211 496
211 575
212 527
212 332
212 542
212 489
212 498
212 430
212 296
212 468
212 568
212 334
212 399
212 459
212 570
212 337
212 319
212 227
212 400
213 559
213 285
213 398
213 489
213 520
213 443
213 353
213 404
213 249
213 247
213 364
213 339
213 387
213 293
213 473
213 300
213 550
213 363
213 495
213 340
213 384
213 407
214 547
214 309
214 549
214 523
214 230
214 360
214 371
214 393
214 351
214 433
214 527
214 487
214 519
214 480
214 288
214 266
214 492
214 560
214 324
214 571
214 350
215 574
215 378
215 317
215 381
215 434
215 497
215 345
215 327
215 365
215 399
215 340
215 283
215 487
215 372
215 500
215 310
215 271
215 252
215 284
215 564
215 463
215 275
215 572
216 518
216 389
216 363
216 271
216 321
216 224
216 493
216 462
216 279
216 258
216 275
216 335
216 264
216 282
216 536
216 575
216 489
217 441
217 420
217 405
217 412
217 284
217 232
217 531
217 384
217 302
217 354
217 409
217 549
217 573
217 561
218 294
218 413
218 445
218 262
218 468
218 335
218 376
218 319
218 464
218 327
218 458
218 364
218 314
218 268
218 510
218 509
218 326
218 483
219 489
219 385
219 463
219 399
219 549
219 378
219 251
219 464
219 305
219 491
219 482
219 230
219 524
219 494
219 490
219 441
219 306
219 242
219 410
219 296
219 566
219 239
219 395
219 533
220 305
220 497
220 266
220 243
220 498
220 262
220 423
220 495
220 286
220 250
220 508
220 505
220 383
220 451
220 426
220 378
221 223
221 469
221 440
221 536
221 267
221 527
221 430
221 275
221 421
221 445
221 239
221 370
221 418
221 503
221 375
221 565
221 425
221 382
221 567
221 363
221 478
221 271
221 485
222 232
222 541
222 421
222 517
222 365
222 240
222 405
222 385
222 350
222 370
222 269
222 257
222 568
222 312
223 521
223 393
223 297
223 269
223 314
223 556
223 453
223 272
223 507
223 285
223 401
223 229
223 535
223 336
224 426
224 442
224 238
224 266
224 517
224 456
224 402
224 242
224 357
224 307
224 447
224 471
224 415
224 292
224 487
225 452
225 402
225 522
225 502
225 293
225 440
225 311
225 516
225 299
225 344
225 259
225 228
225 479
225 358
225 513
225 409
225 256
226 505
226 572
226 305
226 471
226 286
226 518
226 257
226 450
226 563
226 306
226 307
226 502
226 443
226 339
226 473
226 461
226 358
226 449
227 268
227 520
227 328
227 299
227 281
227 331
227 497
227 380
227 240
227 507
227 348
227 247
227 315
227 571
227 318
227 458
227 370
227 265
228 359
228 560
228 290
228 427
228 311
228 255
228 574
228 424
228 315
228 355
228 276
228 524
228 553
228 309
228 362
228 475
228 306
229 357
229 432
229 245
229 572
229 265
229 354
229 489
229 445
229 538
229 449
229 530
229 322
229 283
229 558
229 267
229 544
229 433
229 541
229 429
229 230
229 419
229 276
230 537
230 486
230 427
230 237
230 502
230 408
230 291
230 462
230 352
230 490
230 401
230 292
230 415
230 430
230 311
230 413
230 564
230 416
231 429
231 311
231 257
231 284
231 520
231 463
231 377
231 517
231 340
231 321
231 447
231 483
231 295
231 440
231 319
231 428
232 254
232 274
232 457
232 339
232 536
232 458
232 253
232 562
232 330
232 455
232 475
232 513
232 252
232 310
232 349
232 266
232 508
232 525
232 477
233 302
233 493
233 391
233 263
233 466
233 291
233 475
233 565
233 520
233 480
233 294
233 240
233 424
233 272
233 257
233 372
233 471
233 575
234 499
234 309
234 394
234 364
234 401
234 379
234 552
234 562
234 432
234 282
234 389
234 478
234 512
234 330
234 235
234 312
234 569
235 297
235 386
235 390
235 528
235 426
235 533
235 513
235 448
235 505
235 309
235 474
235 294
235 556
235 237
235 544
235 411
235 429
235 407
235 416
235 250
236 273
236 480
236 303
236 382
236 515
236 296
236 551
236 484
236 570
236 530
236 574
236 450
236 349
236 248
236 347
236 367
236 321
236 495
236 311
236 390
236 359
237 539
237 281
237 383
237 352
237 455
237 485
237 412
237 397
237 559
237 461
237 572
237 526
237 372
237 510
237 411
238 355
238 537
238 477
238 347
238 350
238 274
238 240
238 326
238 494
238 407
238 322
238 440
238 469
238 332
238 491
238 351
238 282
238 403
238 545
238 457
239 316
239 521
239 452
239 310
239 391
239 494
239 468
239 272
239 561
239 539
239 304
239 309
239 537
239 263
239 268
239 443
239 554
239 321
239 495
240 244
240 542
240 539
240 416
240 346
240 285
240 344
240 549
240 572
240 462
240 552
240 446
240 536
240 286
240 553
240 528
240 295
240 363
241 417
241 346
241 338
241 277
241 372
241 510
241 388
241 282
241 339
241 538
241 542
241 348
241 401
241 395
241 465
241 415
241 332
241 511
242 312
242 393
242 344
242 572
242 277
242 421
242 306
242 504
242 337
242 451
242 364
242 299
242 250
242 381
242 517
242 409
242 434
242 330
243 255
243 251
243 336
243 418
243 361
243 423
243 417
243 540
243 462
243 429
243 323
243 391
243 249
243 461
243 571
243 443
243 335
243 530
243 557
244 562
244 530
244 358
244 510
244 558
244 402
244 564
244 356
244 547
244 492
244 405
244 497
244 330
244 306
245 545
245 419
245 274
245 550
245 499
245 252
245 497
245 268
245 465
245 352
245 458
245 447
245 516
245 575
245 375
245 401
245 547
245 533
245 475
245 488
246 295
246 351
246 542
246 328
246 412
246 355
246 529
246 449
246 276
246 426
246 421
246 438
246 357
246 547
246 325
246 368
246 409
246 305
247 401
247 280
247 569
247 439
247 305
247 324
247 479
247 263
247 415
247 463
247 535
247 270
247 551
247 323
247 352
247 267
247 458
248 419
248 440
248 414
248 497
248 556
248 455
248 401
248 515
248 272
248 527
248 385
248 324
248 438
248 367
248 276
248 496
248 302
248 562
249 464
249 505
249 348
249 503
249 539
249 359
249 549
249 569
249 552
249 517
249 432
249 353
249 315
249 438
249 335
250 564
250 287
250 520
250 538
250 319
250 474
250 423
250 518
250 483
250 368
250 573
250 259
250 307
250 329
250 446
250 555
250 271
251 568
251 411
251 364
251 400
251 362
251 541
251 346
251 329
251 556
251 438
251 420
251 532
251 524
251 574
251 554
251 361
251 370
251 404
251 548
251 422
252 467
252 555
252 543
252 517
252 575
252 552
252 545
252 333
252 428
252 427
252 254
252 450
252 404
252 415
252 269
253 513
253 505
253 373
253 397
253 307
253 564
253 316
253 331
253 406
253 375
253 526
253 351
253 463
253 309
253 540
253 535
253 327
253 286
253 332
253 296
253 315
254 437
254 383
254 506
254 513
254 349
254 391
254 464
254 504
254 347
254 271
254 456
254 485
254 280
254 300
254 529
254 493
254 270
255 561
255 383
255 375
255 483
255 389
255 428
255 410
255 529
255 524
255 476
255 536
255 363
255 385
255 540
255 568
256 369
256 488
256 311
256 491
256 523
256 486
256 569
256 568
256 492
256 468
256 363
256 431
256 522
256 519
256 276
256 474
256 406
256 292
256 267
257 489
257 548
257 558
257 350
257 325
257 565
257 463
257 476
257 418
257 534
257 470
257 556
257 517
258 354
258 358
258 565
258 508
258 421
258 404
258 367
258 553
258 366
258 464
258 389
258 564
258 498
258 417
258 393
259 334
259 448
259 263
259 519
259 548
259 530
259 514
259 446
259 335
259 453
259 523
259 481
259 396
259 458
259 306
260 354
260 428
260 362
260 277
260 400
260 306
260 371
260 334
260 507
260 387
260 347
260 369
260 294
260 560
260 327
260 451
260 314
260 300
260 443
261 365
261 314
261 289
261 304
261 487
261 432
261 467
261 526
261 466
261 499
261 511
261 382
261 528
261 477
261 339
261 573
261 408
262 501
262 409
262 288
262 348
262 416
262 354
262 463
262 575
262 336
262 382
262 364
262 448
262 395
262 521
262 350
262 430
262 276
262 293
262 531
263 388
263 463
263 531
263 433
263 536
263 332
263 443
263 574
263 464
263 291
263 448
263 488
263 546
263 357
263 459
263 471
263 503
263 472
264 482
264 315
264 282
264 543
264 363
264 348
264 350
264 434
264 530
264 479
264 297
264 304
264 351
264 420
264 373
264 437
264 526
264 335
264 396
264 345
264 372
264 314
264 512
265 524
265 548
265 426
265 380
265 287
265 420
265 322
265 409
265 286
265 340
265 279
265 324
265 444
265 417
265 357
265 452
265 562
266 330
266 298
266 305
266 427
266 509
266 534
266 394
266 549
266 396
266 462
266 556
266 324
266 388
266 374
267 424
267 312
267 499
267 472
267 365
267 417
267 495
267 384
267 295
267 536
267 568
267 270
267 491
267 435
267 427
267 456
267 496
267 294
267 397
268 362
268 433
268 552
268 528
268 419
268 397
268 554
268 570
268 512
268 374
268 476
268 517
268 474
269 403
269 374
269 427
269 518
269 372
269 501
269 404
269 458
269 279
269 299
269 340
269 534
269 474
269 445
269 524
270 279
270 492
270 290
270 391
270 512
270 305
270 304
270 437
270 541
270 523
270 292
270 328
270 510
270 533
271 275
271 295
271 387
271 459
271 530
271 393
271 460
271 521
271 385
271 453
272 486
272 352
272 513
272 511
272 472
272 449
272 445
272 498
272 353
272 320
272 392
272 442
272 497
272 556
273 431
273 365
273 461
273 442
273 280
273 550
273 416
273 549
273 400
273 467
273 445
273 405
273 414
273 275
273 526
273 487
273 525
273 476
273 458
274 355
274 437
274 391
274 525
274 344
274 470
274 496
274 502
274 431
274 512
274 524
274 350
274 557
274 520
274 422
275 287
275 337
275 281
275 335
275 408
275 440
275 547
275 511
275 362
275 373
275 478
275 342
275 455
275 378
276 437
276 461
276 338
276 340
276 439
276 364
276 571
276 351
276 427
276 494
276 536
276 408
276 373
277 535
277 319
277 403
277 556
277 519
277 550
277 286
277 343
277 302
277 501
277 478
277 529
277 565
278 421
278 336
278 313
278 415
278 470
278 509
278 515
278 469
278 437
278 327
278 482
278 330
278 545
278 303
278 333
278 442
279 306
279 571
279 438
279 412
279 292
279 555
279 356
279 430
279 537
279 283
279 488
279 452
279 562
280 517
280 430
280 519
280 416
280 562
280 568
280 381
280 535
280 526
280 402
280 534
280 369
280 285
281 384
281 383
281 351
281 484
281 373
281 321
281 431
281 498
281 318
281 401
281 501
281 512
281 299
281 349
281 304
281 308
281 405
281 368
282 540
282 450
282 397
282 539
282 380
282 487
282 370
282 533
282 506
282 553
282 429
282 449
282 514
282 304
282 439
282 549
282 354
283 376
283 339
283 567
283 414
283 480
283 371
283 509
283 493
283 522
283 406
283 388
283 323
283 438
283 351
283 485
283 405
283 472
283 342
283 357
284 316
284 402
284 326
284 425
284 368
284 315
284 344
284 568
284 374
284 394
284 388
284 323
284 306
284 432
284 556
284 365
285 561
285 514
285 317
285 430
285 423
285 496
285 485
285 512
285 560
285 345
285 516
285 338
285 343
285 495
285 488
285 319
285 307
286 370
286 484
286 328
286 417
286 499
286 347
286 436
286 503
286 565
287 485
287 551
287 549
287 333
287 298
287 478
287 424
287 392
287 373
287 534
287 314
287 457
287 542
287 420
287 456
287 429
287 293
287 432
288 511
288 316
288 315
288 301
288 325
288 567
288 518
288 552
288 504
288 374
288 441
288 488
288 308
288 372
288 492
288 356
288 324
289 536
289 510
289 379
289 368
289 295
289 377
289 359
289 332
289 387
289 419
289 437
289 574
289 403
290 462
290 496
290 401
290 360
290 359
290 548
290 428
290 519
290 353
290 482
290 565
290 361
290 572
290 552
290 434
290 330
290 531
290 493
291 409
291 339
291 361
291 301
291 397
291 396
291 508
291 488
291 453
292 387
292 331
292 447
292 497
292 432
292 488
292 519
292 541
292 465
292 506
292 436
292 348
292 317
292 443
293 395
293 507
293 525
293 541
293 455
293 316
293 499
293 340
293 359
293 515
293 393
293 546
293 529
293 516
293 465
293 302
294 383
294 310
294 315
294 374
294 415
294 331
294 376
294 451
294 479
294 497
294 401
294 450
294 457
294 332
294 364
294 559
294 396
294 377
295 475
295 422
295 303
295 470
295 443
295 356
295 373
295 354
295 374
295 486
295 401
295 398
295 448
296 444
296 532
296 428
296 439
296 530
296 419
296 351
296 506
296 407
296 486
296 450
296 372
297 484
297 359
297 534
297 520
297 317
297 313
297 362
297 493
297 384
297 464
297 483
297 344
297 401
297 570
297 479
298 321
298 320
298 328
298 572
298 326
298 370
298 501
298 338
298 390
298 336
298 564
298 470
298 315
298 493
298 424
298 374
298 419
299 568
299 504
299 505
299 482
299 413
299 427
299 506
299 367
299 399
299 347
299 303
299 510
299 475
299 442
299 321
299 339
299 335
300 480
300 543
300 308
300 511
300 506
300 355
300 350
300 338
300 558
300 468
300 324
300 313
300 385
300 416
300 376
300 459
300 504
301 330
301 461
301 315
301 358
301 524
301 331
301 429
301 427
302 566
302 525
302 312
302 322
302 319
302 378
302 359
302 522
302 416
302 330
302 400
302 390
302 348
303 484
303 556
303 461
303 528
303 435
303 378
303 325
303 415
303 354
303 529
303 480
303 492
303 537
303 396
304 490
304 308
304 505
304 477
304 410
304 509
304 408
304 559
304 450
304 445
304 453
304 519
304 344
304 357
304 495
304 373
304 558
305 391
305 354
305 566
305 564
305 420
305 431
305 331
305 375
305 350
305 335
305 542
305 440
305 509
306 519
306 422
306 314
306 559
306 397
306 470
306 457
306 537
307 529
307 308
307 522
307 525
307 408
307 334
307 426
307 515
307 573
307 520
308 541
308 419
308 548
308 491
308 570
308 310
308 342
308 319
308 314
308 388
308 546
308 513
308 318
308 565
308 369
309 560
309 549
309 476
309 487
309 349
309 455
309 472
309 568
309 404
309 354
309 440
309 423
309 316
310 491
310 318
310 366
310 519
310 573
310 333
310 442
310 542
310 384
310 424
310 396
311 470
311 504
311 329
311 535
311 317
311 332
311 388
311 375
311 326
311 373
311 438
311 528
311 548
311 411
311 353
312 317
312 417
312 369
312 571
312 545
312 482
312 458
312 433
312 344
312 503
312 404
312 407
312 540
312 395
313 394
313 442
313 389
313 376
313 473
313 435
313 574
313 469
313 565
313 326
313 316
313 481
313 549
313 348
314 363
314 391
314 351
314 330
314 481
314 402
314 417
314 556
314 340
314 355
314 318
314 473
314 334
315 545
315 423
315 502
315 385
315 416
315 366
315 575
315 425
315 478
316 337
316 365
316 527
316 514
316 543
316 343
316 571
316 522
316 515
316 369
316 450
316 375
317 478
317 422
317 564
317 514
317 540
317 351
317 539
317 501
317 377
317 360
318 516
318 411
318 525
318 481
318 480
318 552
318 320
318 473
318 535
318 492
318 443
318 555
318 566
318 440
318 536
319 533
319 537
319 367
319 493
319 341
319 502
319 574
319 534
319 350
319 573
319 461
319 384
320 368
320 533
320 474
320 526
320 342
320 376
320 572
320 495
320 375
320 464
320 421
320 352
320 562
320 335
320 374
320 422
321 522
321 473
321 459
321 437
321 535
321 345
321 427
321 561
321 405
321 483
321 360
321 465
321 414
321 398
321 513
322 530
322 327
322 515
322 398
322 517
322 563
322 528
322 323
322 355
322 518
322 333
322 383
322 445
322 339
322 337
322 478
322 389
322 388
323 574
323 572
323 427
323 468
323 470
323 371
323 511
323 525
323 414
323 484
323 479
323 457
324 483
324 514
324 380
324 554
324 341
324 379
324 489
324 525
324 449
324 399
324 479
324 338
324 378
325 544
325 536
325 491
325 531
325 495
325 362
325 442
325 564
325 338
325 545
325 484
325 516
325 414
325 539
325 567
326 473
326 477
326 369
326 399
326 405
326 541
326 401
326 536
326 333
326 397
326 573
326 499
326 542
326 508
326 561
327 411
327 368
327 462
327 460
327 344
327 336
327 497
327 428
327 459
327 491
327 392
327 514
327 456
327 340
327 372
327 508
327 510
327 480
327 458
328 413
328 341
328 476
328 359
328 574
328 392
328 567
328 517
328 554
328 513
328 540
328 531
328 515
328 482
329 397
329 486
329 332
329 504
329 385
329 378
329 362
329 399
329 382
329 403
329 547
329 347
329 405
329 395
330 345
330 540
330 447
330 352
330 543
330 332
330 495
330 460
330 570
330 493
330 410
330 552
330 343
331 377
331 405
331 340
331 519
331 515
331 336
331 372
331 393
331 551
331 353
331 342
331 548
331 451
332 408
332 368
332 345
332 472
332 414
332 367
332 546
332 504
332 449
332 519
333 359
333 538
333 463
333 532
333 539
333 435
333 527
333 523
333 402
333 389
333 343
333 543
333 360
333 490
333 437
333 451
333 440
334 554
334 427
334 384
334 508
334 405
334 543
334 572
334 438
334 377
334 432
334 534
334 492
334 478
334 410
335 526
335 529
335 469
335 371
335 502
335 342
335 447
335 376
336 436
336 450
336 338
336 446
336 509
336 531
336 344
336 533
336 573
336 412
336 417
336 404
336 370
336 496
337 575
337 382
337 485
337 559
337 377
337 533
337 473
337 573
337 348
337 361
337 415
337 548
337 395
337 344
338 495
338 575
338 387
338 383
338 506
338 347
338 406
338 453
338 432
338 455
338 498
338 430
338 483
338 434
338 516
338 370
339 366
339 482
339 479
339 536
339 493
339 447
339 411
339 400
339 551
339 430
339 444
339 560
340 441
340 431
340 428
340 484
340 500
340 448
340 477
341 361
341 454
341 369
341 471
341 392
341 398
341 552
341 442
341 558
341 356
341 536
341 528
341 538
341 566
341 351
341 433
341 412
341 348
342 388
342 437
342 538
342 560
342 394
342 556
342 457
342 360
342 571
342 365
342 444
342 471
343 471
343 366
343 437
343 531
343 480
343 427
343 361
343 455
343 524
343 433
343 497
343 418
344 461
344 418
344 544
344 536
344 382
344 375
344 396
344 466
344 529
344 404
344 459
344 457
345 392
345 468
345 458
345 432
345 532
345 531
345 409
345 394
345 426
345 441
345 461
345 551
345 518
345 560
345 469
346 352
346 433
346 431
346 457
346 357
346 463
346 568
346 459
346 481
346 533
346 366
346 555
346 513
347 369
347 399
347 520
347 375
347 441
347 390
347 469
347 489
347 374
347 437
347 432
347 352
347 423
348 375
348 512
348 572
348 563
348 530
348 467
348 472
348 573
348 380
348 444
348 524
348 406
349 493
349 382
349 365
349 557
349 478
349 516
349 514
349 563
349 391
349 568
349 368
349 508
349 507
349 517
350 409
350 503
350 567
350 400
350 568
350 561
350 485
351 523
351 403
351 368
351 358
351 456
351 442
351 567
351 546
351 569
352 477
352 568
352 451
352 543
352 549
352 382
352 379
352 571
352 447
353 550
353 461
353 379
353 371
353 546
353 398
353 573
353 527
353 505
353 494
353 361
353 434
353 392
353 427
353 448
354 469
354 548
354 517
354 572
354 465
354 441
354 464
354 511
354 444
354 459
354 402
354 368
355 550
355 551
355 526
355 512
355 421
355 488
355 554
355 377
355 561
355 482
355 564
355 386
356 463
356 395
356 566
356 544
356 483
356 396
356 454
356 527
356 405
356 531
356 422
356 468
356 430
357 562
357 447
357 469
357 366
357 418
357 435
357 386
357 395
357 414
357 510
358 500
358 553
358 507
358 555
358 387
358 432
358 400
358 535
358 372
358 483
358 435
359 360
359 382
359 376
359 447
359 471
359 561
359 372
359 491
359 556
359 555
359 379
360 477
360 466
360 507
360 469
360 489
360 546
360 492
360 415
360 520
360 417
360 485
360 411
360 539
361 565
361 534
361 367
361 564
361 437
361 474
361 477
361 456
361 371
361 467
361 372
361 409
361 373
362 553
362 440
362 563
362 415
362 562
362 441
362 459
362 485
362 530
362 531
363 538
363 520
363 410
363 574
363 528
363 452
363 483
363 451
363 497
364 517
364 437
364 553
364 447
364 484
364 472
364 572
364 565
364 505
365 448
365 373
365 520
365 566
365 440
365 468
365 417
365 403
366 469
366 388
366 439
366 558
366 409
366 521
366 506
367 456
367 506
367 463
367 499
367 559
367 469
367 572
367 446
368 436
368 489
368 554
368 458
368 557
368 424
368 371
368 418
368 531
369 565
369 484
369 502
369 517
369 488
369 398
369 523
369 389
369 420
369 557
370 460
370 471
370 512
370 390
370 391
370 389
370 525
371 439
371 502
371 570
371 455
371 463
371 465
371 377
371 453
371 390
371 492
371 379
372 526
372 415
372 408
372 403
372 503
372 454
372 434
372 495
372 481
373 502
373 489
373 496
373 509
373 513
373 551
373 528
373 460
373 571
373 374
374 555
374 408
374 438
374 462
374 557
374 400
374 478
374 417
374 429
374 406
375 534
375 446
375 441
375 570
375 433
375 510
375 407
376 430
376 501
376 466
376 564
376 378
376 452
376 407
376 562
376 494
376 435
377 390
377 424
377 409
377 471
377 523
377 538
377 539
377 498
377 474
377 535
377 560
377 465
377 530
378 535
378 429
378 476
378 529
378 510
378 527
378 488
378 567
378 404
378 477
379 391
379 394
379 567
379 434
379 397
379 486
379 445
379 424
380 456
380 501
380 509
380 439
380 490
380 516
380 533
380 560
380 504
381 515
381 433
381 481
381 509
381 561
381 424
381 390
381 511
381 460
381 508
381 479
381 407
381 401
381 546
382 421
382 434
382 454
382 450
382 521
382 418
382 523
382 491
382 488
383 561
383 465
383 556
383 543
383 566
383 416
383 392
383 487
383 404
383 488
383 449
383 452
384 454
384 389
384 451
384 405
384 409
384 526
384 427
384 549
384 484
384 447
384 444
385 535
385 490
385 484
385 471
385 487
385 457
385 554
385 465
385 430
385 462
385 521
385 420
386 481
386 444
386 494
386 502
386 540
386 561
386 453
386 484
386 497
386 544
386 509
386 415
387 502
387 504
387 435
387 445
387 515
387 409
388 482
388 437
388 396
388 441
388 398
388 421
388 575
388 499
388 568
388 487
389 446
389 525
389 445
389 419
389 535
389 415
389 492
389 448
389 563
390 528
390 548
390 433
390 430
390 409
390 457
390 566
390 472
391 488
391 498
391 429
391 395
391 480
391 419
391 524
391 487
391 522
391 564
391 489
391 560
392 440
392 501
392 528
392 559
392 427
392 575
392 429
392 401
393 551
393 477
393 546
393 449
393 558
393 542
393 554
393 538
393 512
394 413
394 439
394 400
394 443
394 462
394 453
394 510
394 466
394 440
394 489
394 403
394 488
394 573
394 515
394 422
395 493
395 469
395 411
395 543
395 571
395 476
395 453
396 428
396 501
396 544
396 553
396 541
396 455
396 526
396 419
396 469
396 498
397 511
397 538
397 431
397 522
397 482
397 544
397 415
398 564
398 411
398 539
398 575
398 408
398 457
398 541
399 506
399 458
399 421
399 476
399 467
399 470
399 539
399 561
399 418
399 520
399 515
399 531
399 533
400 449
400 536
400 552
400 503
400 539
400 436
400 559
400 473
400 452
400 487
400 547
400 523
401 498
401 525
401 518
401 529
402 536
402 505
402 563
402 422
402 434
402 465
402 511
402 498
402 407
403 492
403 467
403 513
403 420
403 447
403 444
403 510
403 498
404 531
404 519
404 542
404 520
404 418
404 554
404 511
404 442
404 471
404 436
405 473
405 540
405 545
405 432
405 529
405 474
405 557
405 440
406 547
406 415
406 477
406 437
406 431
406 418
406 432
406 410
406 505
407 570
407 472
407 432
407 418
407 537
407 482
407 412
407 425
408 483
408 416
408 489
408 516
409 552
409 563
409 525
409 539
409 556
409 486
409 430
410 464
410 557
410 560
410 563
410 515
410 466
410 542
410 555
410 535
411 445
411 517
411 575
411 420
411 494
411 532
411 468
411 436
412 535
412 450
412 417
412 430
412 498
412 473
412 560
412 574
412 458
412 542
412 463
412 517
413 418
413 496
413 476
413 564
413 438
413 521
413 445
413 434
413 450
413 555
413 514
413 487
414 534
414 422
414 558
414 466
414 491
414 552
414 526
414 523
414 521
414 496
414 499
415 423
415 487
415 426
415 468
415 558
415 460
415 499
415 533
415 502
415 453
415 565
416 548
416 456
416 417
416 573
416 422
416 537
417 575
417 561
417 440
417 427
417 514
417 464
418 555
418 465
418 461
418 568
419 467
419 484
419 500
419 460
419 505
419 524
419 452
419 531
420 553
420 559
420 554
420 495
420 461
420 475
420 422
420 509
420 487
420 460
420 522
421 544
421 443
421 519
421 454
421 532
421 522
421 498
421 479
422 554
422 496
422 467
422 503
422 510
422 502
423 512
423 536
423 544
423 510
423 460
423 570
423 497
424 468
424 482
424 534
424 484
424 467
424 541
424 536
425 566
425 551
425 473
425 447
425 523
425 476
425 542
425 455
425 521
425 562
425 504
425 507
425 573
425 475
426 451
426 574
426 519
426 552
426 557
426 459
426 460
426 467
426 504
426 429
426 475
426 464
426 529
427 459
428 522
428 526
428 476
428 500
428 549
428 567
428 478
428 449
428 504
428 521
428 505
429 535
429 573
429 543
429 473
429 454
429 467
429 448
429 546
429 532
430 440
430 546
430 557
430 540
430 551
430 475
431 527
431 464
431 460
431 528
431 496
431 470
431 545
432 463
432 520
432 554
432 480
432 544
432 474
432 548
433 487
433 439
433 498
433 534
433 551
433 569
434 480
434 557
434 484
434 558
434 548
435 503
435 478
435 500
435 479
435 537
435 548
435 564
435 513
435 496
436 509
436 555
436 511
436 545
436 534
436 465
436 469
436 480
437 476
437 444
437 487
437 508
438 498
438 461
438 476
438 494
438 535
438 462
438 456
438 508
438 512
438 468
439 462
439 466
439 459
439 477
439 526
439 575
439 524
439 446
439 555
439 483
440 525
440 501
440 493
440 455
441 452
441 482
441 448
441 459
441 555
441 471
441 445
441 490
441 489
442 443
442 511
442 482
442 478
442 538
442 464
442 488
442 550
442 455
442 463
442 521
443 483
443 533
443 451
443 453
443 482
443 528
443 475
443 557
444 549
444 564
444 535
444 460
444 505
444 475
445 471
445 451
445 475
445 472
446 574
446 454
446 566
446 556
446 553
446 489
446 547
446 559
446 511
446 555
446 560
446 537
447 533
447 480
447 466
447 498
447 566
447 514
447 454
448 503
448 494
448 493
448 496
448 568
448 538
448 513
448 542
448 487
448 558
448 545
448 506
449 571
449 570
449 568
449 480
449 528
449 465
449 473
449 481
450 477
450 560
450 550
450 539
450 524
450 534
450 512
451 482
451 487
451 571
451 469
451 496
452 514
452 547
452 573
452 508
452 569
452 473
452 494
452 456
452 463
453 483
453 477
453 517
453 514
453 467
453 457
453 557
454 518
454 523
454 567
454 519
454 490
454 524
454 548
454 507
454 495
454 481
455 518
455 467
455 545
455 519
455 555
456 528
456 474
456 498
456 561
456 516
456 503
456 532
456 525
456 539
457 476
457 545
457 473
457 537
457 505
457 532
457 514
457 542
457 518
457 522
458 499
458 539
458 512
458 487
458 483
458 467
458 521
458 508
458 486
458 481
459 552
459 525
459 556
460 483
460 523
460 550
460 556
461 467
461 507
461 540
461 569
461 547
461 518
461 491
461 530
462 563
462 519
462 550
462 566
463 557
463 512
463 540
463 570
463 555
463 559
463 504
464 518
464 541
464 485
464 553
464 521
464 497
465 560
465 546
465 513
465 498
465 569
465 527
465 567
465 499
466 517
466 546
466 514
467 557
467 551
467 527
468 518
468 566
468 510
468 549
468 533
468 530
469 535
469 523
469 522
469 541
469 571
470 521
470 511
470 550
470 529
470 552
471 481
471 508
471 547
471 526
472 492
472 519
472 484
472 547
472 540
472 485
472 566
472 508
473 496
473 486
473 563
473 475
473 526
474 491
474 546
474 515
474 565
474 487
474 528
474 510
475 523
475 533
476 503
476 502
476 529
477 503
477 534
477 511
477 544
477 512
478 524
478 569
478 481
478 575
478 496
478 508
478 541
478 558
479 494
479 516
479 550
479 524
480 502
480 524
481 557
481 546
481 494
481 566
482 527
482 516
482 530
483 568
483 572
483 541
483 499
484 538
484 555
484 567
484 533
485 573
485 539
485 568
485 505
485 509
485 571
486 567
486 511
486 501
486 536
487 537
487 572
487 550
487 541
488 521
488 489
488 572
489 559
489 544
489 500
490 513
490 550
490 569
490 556
490 493
490 573
490 512
490 557
491 553
491 562
491 532
492 518
492 516
492 520
492 543
492 503
492 508
492 551
492 562
492 521
493 544
493 571
493 568
494 544
494 529
494 551
494 499
495 552
495 570
495 532
495 500
495 574
496 539
496 518
496 497
496 517
497 551
497 511
497 567
497 559
498 562
498 503
498 537
498 524
499 569
499 551
500 573
500 535
500 519
500 513
501 550
501 502
501 568
501 521
502 572
503 509
503 545
503 515
504 562
504 572
504 533
505 574
505 523
505 575
505 541
506 544
506 528
506 567
506 508
506 518
506 550
506 557
506 558
508 559
508 533
508 543
508 567
509 514
509 531
509 538
509 563
509 543
510 557
510 550
510 558
511 532
511 515
511 563
511 523
512 556
513 530
513 561
513 553
513 559
514 530
514 547
514 527
514 569
514 541
515 556
515 568
515 566
515 553
515 549
516 542
516 547
516 574
517 559
517 573
517 531
517 519
518 567
518 546
519 561
519 563
520 524
521 522
521 548
521 524
521 544
522 534
522 575
522 531
522 538
522 550
523 558
524 536
524 533
525 558
525 560
525 553
526 554
526 565
526 551
527 544
527 553
528 535
528 555
529 555
529 567
529 530
529 532
530 542
530 562
531 550
531 560
531 535
532 558
532 573
534 566
535 544
536 546
536 538
537 557
537 558
538 557
539 562
540 541
540 566
541 560
542 562
543 572
543 556
544 574
544 563
544 569
544 554
545 559
547 568
547 565
548 571
548 568
549 559
550 555
550 562
551 566
553 557
554 571
555 571
555 569
556 570
557 560
558 571
560 569
561 571
561 573
562 573
567 574
