0 44
0 56
0 34
0 28
0 153
0 176
1 219
1 160
1 98
1 3
1 83
1 99
2 90
2 161
2 96
2 18
2 127
2 255
3 125
3 255
3 188
3 205
3 199
4 253
4 161
4 72
4 244
4 190
4 182
5 175
5 140
5 243
5 214
5 115
5 51
6 75
6 87
6 19
6 205
6 233
6 154
7 251
7 54
7 60
7 107
7 31
7 69
8 77
8 112
8 116
8 57
8 90
8 89
9 89
9 45
9 218
9 59
9 60
9 113
10 165
10 219
10 129
10 96
10 187
10 206
11 162
11 160
11 237
11 139
11 15
11 141
12 76
12 246
12 166
12 77
12 244
12 40
13 56
13 255
13 254
13 236
13 134
13 168
14 253
14 144
14 198
14 197
14 29
14 156
15 44
15 249
15 174
15 64
15 148
16 67
16 202
16 130
16 120
16 216
16 217
17 27
17 178
17 239
17 45
17 155
17 145
18 193
18 29
18 162
18 35
18 227
19 204
19 56
19 130
19 79
19 61
20 140
20 199
20 66
20 103
20 131
20 156
21 177
21 242
21 84
21 231
21 140
21 142
22 252
22 135
22 65
22 118
22 199
22 116
23 59
23 160
23 194
23 154
23 215
23 51
24 167
24 87
24 217
24 215
24 236
24 145
25 201
25 85
25 51
25 186
25 57
25 71
26 123
26 230
26 46
26 221
26 239
26 160
27 62
27 148
27 132
27 175
27 72
28 251
28 33
28 42
28 232
28 67
29 101
29 61
29 246
29 213
30 186
30 253
30 58
30 216
30 32
30 63
31 223
31 92
31 184
31 52
31 50
32 236
32 38
32 49
32 212
32 177
33 93
33 119
33 112
33 235
33 213
34 45
34 179
34 224
34 245
34 159
35 54
35 202
35 133
35 173
35 41
36 198
36 230
36 124
36 245
36 237
36 250
37 110
37 149
37 152
37 189
37 202
37 127
38 170
38 107
38 92
38 219
38 53
39 229
39 203
39 176
39 247
39 218
39 161
40 92
40 110
40 132
40 63
40 235
41 188
41 126
41 175
41 239
41 101
42 101
42 149
42 75
42 172
42 65
43 252
43 111
43 179
43 195
43 175
43 204
44 150
44 197
44 188
44 92
45 50
45 151
45 85
46 209
46 214
46 225
46 96
46 217
47 220
47 79
47 54
47 221
47 115
47 161
48 133
48 194
48 229
48 214
48 125
48 100
49 143
49 57
49 178
49 228
49 156
50 202
50 75
50 76
50 156
51 235
51 106
51 138
52 112
52 94
52 83
52 102
52 215
53 138
53 156
53 114
53 72
53 208
54 98
54 212
54 245
55 221
55 165
55 247
55 78
55 250
55 144
56 78
56 241
56 72
57 211
57 129
57 200
58 77
58 62
58 84
58 107
58 176
59 220
59 173
59 225
59 224
60 144
60 120
60 255
60 249
61 113
61 219
61 189
61 196
62 102
62 171
62 71
62 147
63 135
63 78
63 108
63 100
64 146
64 243
64 136
64 213
64 236
65 138
65 197
65 210
65 162
66 77
66 194
66 105
66 226
66 181
67 165
67 141
67 145
67 80
68 105
68 228
68 82
68 255
68 73
68 102
69 148
69 233
69 231
69 211
69 178
70 201
70 157
70 246
70 198
70 167
70 231
71 134
71 209
71 192
71 101
72 116
72 142
73 234
73 203
73 225
73 206
73 121
74 119
74 217
74 241
74 218
74 248
74 95
75 100
75 157
75 119
76 161
76 94
76 179
76 122
77 207
77 152
78 226
78 82
78 167
79 84
79 151
79 197
79 232
80 229
80 138
80 231
80 195
80 166
81 168
81 143
81 185
81 234
81 227
81 244
82 202
82 243
82 180
82 231
83 95
83 118
83 210
83 176
84 191
84 137
84 126
85 180
85 244
85 109
85 125
86 254
86 206
86 91
86 150
86 207
86 118
87 234
87 104
87 175
87 158
88 181
88 117
88 115
88 224
88 110
88 155
89 172
89 238
89 185
89 170
90 131
90 130
90 95
90 224
91 175
91 237
91 161
91 251
91 170
92 169
92 230
93 207
93 124
93 209
93 205
93 187
94 222
94 180
94 236
94 117
95 132
95 198
95 106
96 249
96 147
96 180
97 220
97 131
97 150
97 165
97 157
97 102
98 145
98 152
98 185
98 121
99 171
99 108
99 195
99 222
99 225
100 124
100 174
100 121
101 224
101 226
102 204
102 162
103 118
103 250
103 148
103 113
103 163
104 193
104 192
104 230
104 120
104 220
105 166
105 186
105 245
105 248
106 189
106 151
106 143
106 165
107 113
107 214
107 141
108 251
108 155
108 114
108 142
109 196
109 130
109 114
109 162
109 136
110 190
110 211
110 126
111 181
111 209
111 198
111 135
111 247
112 239
112 220
112 242
113 200
113 182
114 238
114 221
114 164
115 133
115 253
115 168
116 154
116 213
116 203
117 141
117 201
117 205
117 238
118 133
118 191
119 212
119 164
119 182
120 142
120 201
120 194
121 163
121 242
121 144
122 214
122 185
122 187
122 132
122 139
123 131
123 152
123 158
123 232
123 223
124 196
124 211
124 145
125 137
125 247
125 149
126 218
126 228
126 240
127 164
127 250
127 186
127 153
128 214
128 228
128 197
128 164
128 134
128 179
129 223
129 217
129 176
129 238
130 254
130 137
131 134
131 234
132 225
132 232
133 166
133 208
134 237
134 233
135 153
135 220
135 141
136 144
136 166
136 155
136 170
137 230
137 143
137 182
138 218
138 245
139 212
139 203
139 200
139 226
140 184
140 153
140 246
141 227
142 187
142 149
143 251
143 249
144 244
145 191
146 211
146 187
146 159
146 204
146 173
147 169
147 184
147 155
147 212
148 168
148 247
149 206
149 236
150 178
150 238
150 209
151 203
151 167
151 193
152 241
152 243
153 183
153 200
154 251
154 180
154 250
155 200
156 187
157 170
157 160
157 171
158 200
158 240
158 208
158 210
159 199
159 227
159 221
159 184
160 190
162 241
163 179
163 241
163 169
163 201
164 234
164 173
165 240
166 233
167 190
167 208
168 223
168 171
169 173
169 203
169 205
170 191
171 207
171 189
172 183
172 233
172 216
172 221
173 210
174 186
174 193
174 181
174 254
176 243
177 224
177 229
177 252
177 207
178 194
178 241
179 240
180 183
181 219
181 210
182 188
182 195
183 207
183 228
183 193
184 192
184 190
185 188
185 192
186 239
188 231
189 199
189 242
190 206
191 235
191 226
192 248
192 250
193 195
194 213
195 223
196 232
196 215
196 252
197 222
198 212
199 217
201 232
202 209
204 229
204 239
205 253
206 245
208 249
208 242
210 244
211 222
213 240
215 228
215 247
216 237
216 240
216 225
218 254
219 233
222 227
222 248
223 226
227 235
229 234
230 243
235 255
237 242
238 246
246 254
248 253
248 252
249 252
