0 204
0 216
0 44
1 235
1 55
1 58
2 212
2 191
2 155
3 154
3 243
3 123
4 83
4 201
4 104
5 53
5 59
5 7
6 60
6 110
6 64
7 170
7 226
8 192
8 142
8 247
9 51
9 53
9 107
10 30
10 32
10 173
11 153
11 209
11 87
12 89
12 20
12 100
13 169
13 31
13 230
14 198
14 37
14 229
15 34
15 209
15 126
16 202
16 204
16 50
17 230
17 178
17 147
18 242
18 213
18 219
19 66
19 181
19 246
20 132
20 167
21 106
21 171
21 140
22 70
22 108
22 41
23 173
23 212
23 125
24 232
24 131
24 156
25 232
25 108
25 67
26 127
26 149
26 45
27 95
27 134
27 35
28 162
28 240
28 166
29 199
29 238
29 129
30 61
30 81
31 255
31 73
32 252
32 73
33 188
33 238
33 87
34 255
34 165
35 183
35 96
36 151
36 62
36 143
37 72
37 162
38 228
38 145
38 136
39 163
39 81
39 55
40 251
40 54
40 116
41 107
41 112
42 146
42 80
42 94
43 249
43 196
43 252
44 120
44 158
45 126
45 152
46 69
46 248
46 121
47 176
47 114
47 99
48 68
48 119
48 232
49 193
49 88
49 188
50 131
50 160
51 237
51 175
52 145
52 92
52 130
53 120
54 158
54 253
55 222
56 213
56 171
56 185
57 248
57 116
57 189
58 65
58 111
59 162
59 199
60 121
60 177
61 236
61 197
62 100
62 154
63 255
63 137
63 176
64 118
64 96
65 147
65 242
66 238
66 117
67 155
67 172
68 177
68 122
69 84
69 86
70 200
70 92
71 137
71 244
71 187
72 236
72 156
73 93
74 84
74 210
74 131
75 114
75 127
75 115
76 226
76 235
76 155
77 151
77 118
77 80
78 245
78 97
78 161
79 128
79 197
79 216
80 251
81 144
82 201
82 94
82 169
83 196
83 186
84 111
85 142
85 166
85 135
86 139
86 157
87 231
88 217
88 202
89 236
89 161
90 157
90 212
90 123
91 126
91 97
91 213
92 171
93 195
93 207
94 161
95 226
95 201
96 125
97 159
98 113
98 99
98 204
99 103
100 117
101 114
101 210
101 146
102 208
102 146
102 214
103 185
103 186
104 119
104 181
105 118
105 193
105 178
106 253
106 218
107 149
108 151
109 140
109 241
109 203
110 148
110 254
111 175
112 250
112 220
113 205
113 172
115 182
115 190
116 244
117 179
119 163
120 195
121 153
122 159
122 195
123 158
124 132
124 247
124 176
125 185
127 198
128 135
128 208
129 173
129 210
130 138
130 239
132 175
133 215
133 202
133 222
134 152
134 160
135 220
136 174
136 183
137 246
138 184
138 247
139 240
139 224
140 141
141 179
141 214
142 191
143 165
143 166
144 150
144 149
145 206
147 243
148 245
148 215
150 224
150 193
152 225
153 197
154 190
156 187
157 180
159 192
160 179
163 253
164 181
164 239
164 229
165 222
167 183
167 233
168 190
168 194
168 217
169 200
170 244
170 219
172 209
174 187
174 211
177 182
178 229
180 245
180 250
182 206
184 225
184 254
186 240
188 192
189 191
189 241
194 252
194 223
196 221
198 241
199 227
200 248
203 237
203 215
205 218
205 234
206 235
207 228
207 214
208 242
211 231
211 243
216 239
217 219
218 233
220 223
221 237
221 231
223 233
224 228
225 249
227 234
227 254
230 234
246 250
249 251
