0 18
0 8
0 114
0 204
0 199
0 136
0 232
0 186
0 126
0 173
0 26
0 162
0 48
0 251
0 205
0 144
0 31
0 6
1 161
1 192
1 56
1 99
1 53
1 233
1 138
1 116
1 224
1 30
1 252
1 22
1 3
1 132
1 50
1 213
1 107
1 28
2 73
2 20
2 103
2 13
2 78
2 163
2 234
2 193
2 194
2 80
2 107
2 162
2 44
2 18
2 48
2 27
2 130
2 116
3 113
3 234
3 35
3 243
3 92
3 232
3 47
3 101
3 32
3 196
3 123
3 142
3 23
3 104
3 190
3 228
3 202
4 91
4 85
4 95
4 62
4 142
4 201
4 151
4 116
4 8
4 87
4 105
4 58
4 255
4 98
4 190
4 221
4 7
4 14
5 241
5 79
5 15
5 166
5 172
5 116
5 214
5 231
5 202
5 110
5 218
5 46
5 215
5 198
5 174
5 49
5 30
5 143
6 230
6 196
6 255
6 155
6 227
6 66
6 224
6 187
6 16
6 69
6 248
6 27
6 75
6 242
6 206
6 88
6 47
7 132
7 215
7 124
7 229
7 244
7 194
7 205
7 94
7 76
7 216
7 10
7 149
7 123
7 161
7 128
7 34
7 139
8 110
8 156
8 206
8 61
8 211
8 224
8 149
8 254
8 167
8 77
8 93
8 23
8 226
8 231
8 44
8 131
9 160
9 95
9 133
9 127
9 26
9 243
9 231
9 161
9 10
9 75
9 65
9 195
9 132
9 88
9 57
9 158
9 254
9 122
10 252
10 70
10 17
10 114
10 220
10 57
10 106
10 188
10 223
10 66
10 145
10 231
10 87
10 242
10 79
10 191
11 232
11 28
11 104
11 122
11 159
11 145
11 20
11 76
11 133
11 106
11 255
11 139
11 132
11 117
11 103
11 61
11 115
11 59
12 128
12 254
12 231
12 81
12 104
12 169
12 207
12 58
12 50
12 162
12 242
12 21
12 109
12 54
12 97
12 171
12 201
12 107
13 164
13 129
13 224
13 135
13 159
13 168
13 65
13 37
13 145
13 165
13 15
13 142
13 55
13 81
13 60
13 216
13 126
14 150
14 74
14 112
14 117
14 113
14 70
14 159
14 198
14 84
14 31
14 176
14 48
14 54
14 161
14 247
14 189
14 244
15 41
15 99
15 61
15 23
15 36
15 68
15 89
15 250
15 152
15 178
15 119
15 74
15 213
15 114
15 242
15 100
16 50
16 32
16 235
16 182
16 19
16 221
16 36
16 194
16 34
16 113
16 145
16 110
16 247
16 108
16 172
16 164
16 243
17 98
17 81
17 103
17 67
17 165
17 157
17 138
17 254
17 244
17 47
17 225
17 204
17 158
17 125
17 77
17 73
17 168
18 61
18 193
18 208
18 71
18 116
18 166
18 189
18 215
18 86
18 137
18 47
18 126
18 66
18 32
18 240
18 94
19 144
19 158
19 137
19 133
19 66
19 43
19 179
19 201
19 149
19 152
19 38
19 150
19 235
19 81
19 138
19 46
19 29
20 128
20 254
20 199
20 31
20 99
20 69
20 70
20 219
20 221
20 140
20 166
20 115
20 188
20 22
20 146
20 174
21 113
21 162
21 46
21 161
21 168
21 237
21 51
21 151
21 156
21 49
21 170
21 87
21 175
21 84
21 34
21 230
21 94
22 242
22 113
22 80
22 245
22 139
22 183
22 206
22 51
22 111
22 75
22 158
22 94
22 197
22 129
22 205
22 64
23 111
23 73
23 92
23 121
23 157
23 90
23 240
23 237
23 71
23 249
23 169
23 69
23 235
23 132
23 124
24 37
24 149
24 198
24 91
24 40
24 171
24 181
24 93
24 69
24 28
24 194
24 245
24 155
24 189
24 143
24 47
24 72
24 252
25 236
25 127
25 177
25 231
25 49
25 115
25 130
25 189
25 98
25 124
25 36
25 209
25 38
25 184
25 139
25 55
25 61
25 216
26 192
26 212
26 134
26 135
26 214
26 147
26 157
26 68
26 113
26 228
26 194
26 109
26 61
26 201
26 200
26 251
27 199
27 152
27 28
27 121
27 151
27 127
27 203
27 229
27 42
27 205
27 206
27 54
27 225
27 146
27 70
27 183
28 65
28 143
28 168
28 50
28 62
28 141
28 197
28 114
28 216
28 192
28 173
28 44
28 115
28 152
29 137
29 249
29 133
29 181
29 96
29 123
29 178
29 51
29 79
29 127
29 192
29 95
29 81
29 40
29 54
29 44
29 220
30 170
30 89
30 35
30 208
30 194
30 81
30 63
30 43
30 219
30 209
30 150
30 130
30 145
30 204
30 42
30 244
31 255
31 197
31 238
31 168
31 127
31 130
31 209
31 119
31 233
31 93
31 57
31 203
31 229
31 235
31 246
32 59
32 96
32 231
32 86
32 175
32 245
32 91
32 119
32 244
32 140
32 83
32 74
32 53
32 63
32 159
33 191
33 171
33 126
33 129
33 117
33 186
33 207
33 146
33 70
33 170
33 58
33 34
33 109
33 92
33 152
33 127
33 73
33 112
34 184
34 211
34 40
34 192
34 111
34 102
34 203
34 182
34 244
34 116
34 234
34 70
34 114
34 154
35 146
35 155
35 60
35 38
35 36
35 95
35 144
35 97
35 182
35 61
35 107
35 185
35 168
35 80
35 123
35 220
36 237
36 115
36 78
36 233
36 45
36 136
36 129
36 128
36 47
36 167
36 95
36 84
36 138
36 148
37 161
37 180
37 152
37 169
37 137
37 83
37 225
37 148
37 88
37 144
37 172
37 157
37 166
37 51
37 142
37 244
38 242
38 135
38 41
38 216
38 86
38 120
38 116
38 199
38 238
38 247
38 248
38 65
38 83
38 171
38 146
39 206
39 114
39 115
39 123
39 202
39 109
39 217
39 93
39 244
39 101
39 66
39 238
39 222
39 247
39 62
39 118
39 100
39 224
40 118
40 49
40 224
40 239
40 149
40 101
40 140
40 87
40 75
40 73
40 54
40 126
40 253
40 167
40 150
41 142
41 254
41 48
41 252
41 194
41 174
41 166
41 163
41 178
41 87
41 59
41 206
41 205
41 243
41 216
41 173
42 213
42 139
42 221
42 123
42 174
42 112
42 157
42 143
42 233
42 57
42 131
42 248
42 106
42 118
42 207
42 251
43 64
43 127
43 47
43 140
43 119
43 59
43 237
43 186
43 211
43 85
43 192
43 162
43 139
43 180
43 218
43 176
44 53
44 176
44 233
44 49
44 101
44 72
44 182
44 147
44 150
44 154
44 165
44 178
44 183
44 242
45 188
45 187
45 239
45 165
45 131
45 179
45 181
45 244
45 107
45 228
45 127
45 232
45 94
45 152
45 160
45 122
45 84
46 205
46 96
46 159
46 82
46 47
46 242
46 217
46 199
46 157
46 133
46 99
46 98
46 224
46 191
46 156
47 121
47 135
47 171
47 156
47 182
47 118
47 128
47 246
47 153
47 117
48 210
48 240
48 129
48 144
48 50
48 124
48 212
48 98
48 102
48 118
48 181
48 231
48 196
48 203
49 180
49 200
49 255
49 222
49 160
49 144
49 164
49 77
49 59
49 197
49 92
49 70
49 208
50 68
50 71
50 142
50 246
50 167
50 100
50 140
50 227
50 127
50 169
50 157
50 79
50 60
51 180
51 228
51 66
51 188
51 117
51 220
51 105
51 236
51 241
51 119
51 78
51 86
51 167
51 254
52 55
52 198
52 82
52 101
52 66
52 204
52 251
52 237
52 127
52 234
52 221
52 197
52 107
52 178
52 126
52 153
52 200
52 253
53 218
53 65
53 82
53 152
53 244
53 226
53 90
53 118
53 230
53 173
53 255
53 171
53 154
53 191
53 148
54 202
54 65
54 58
54 59
54 61
54 204
54 199
54 228
54 111
54 63
54 194
54 88
54 138
55 194
55 223
55 131
55 231
55 176
55 116
55 146
55 238
55 185
55 232
55 67
55 173
55 212
55 97
55 246
56 156
56 193
56 202
56 226
56 225
56 85
56 233
56 216
56 102
56 231
56 107
56 164
56 117
56 134
56 69
56 250
56 179
57 232
57 177
57 88
57 237
57 149
57 163
57 99
57 79
57 154
57 89
57 197
57 107
57 108
57 224
58 153
58 185
58 157
58 110
58 217
58 173
58 86
58 213
58 145
58 78
58 197
58 85
58 196
58 105
59 158
59 105
59 83
59 253
59 169
59 233
59 62
59 68
59 109
59 245
59 232
59 215
60 96
60 207
60 182
60 179
60 190
60 88
60 126
60 140
60 214
60 77
60 159
60 124
60 227
60 158
60 93
61 179
61 187
61 94
61 172
61 153
61 93
61 143
61 191
61 210
61 120
62 81
62 99
62 251
62 155
62 136
62 111
62 86
62 72
62 231
62 92
62 237
62 215
62 229
62 118
63 149
63 238
63 141
63 87
63 209
63 188
63 160
63 129
63 157
63 121
63 80
63 111
63 134
63 227
63 122
64 164
64 101
64 213
64 94
64 254
64 226
64 212
64 116
64 229
64 235
64 190
64 96
64 178
64 120
64 121
64 103
65 246
65 253
65 94
65 248
65 241
65 160
65 234
65 98
65 119
65 167
65 170
65 69
66 188
66 241
66 233
66 73
66 159
66 173
66 202
66 211
66 144
66 124
66 190
67 143
67 92
67 82
67 122
67 127
67 242
67 149
67 212
67 78
67 71
67 249
67 144
67 150
67 174
67 120
67 119
68 195
68 185
68 123
68 125
68 148
68 84
68 175
68 209
68 149
68 183
68 180
68 147
68 116
68 221
69 178
69 207
69 222
69 157
69 184
69 215
69 102
69 187
69 175
69 150
69 176
69 107
70 96
70 130
70 128
70 200
70 142
70 148
70 143
70 240
70 119
70 250
70 80
71 214
71 92
71 241
71 168
71 118
71 84
71 163
71 199
71 209
71 139
71 85
71 148
71 178
71 74
72 132
72 74
72 196
72 119
72 145
72 140
72 172
72 84
72 204
72 222
72 146
72 149
72 205
72 184
72 134
73 238
73 205
73 170
73 226
73 247
73 137
73 183
73 165
73 153
73 95
73 140
73 106
74 163
74 192
74 185
74 76
74 226
74 220
74 75
74 171
74 207
74 144
74 219
74 109
74 98
75 215
75 141
75 162
75 249
75 234
75 159
75 80
75 108
75 185
75 158
75 254
75 169
75 179
76 86
76 213
76 97
76 165
76 193
76 147
76 246
76 237
76 129
76 133
76 222
76 216
76 227
76 204
76 83
77 112
77 237
77 243
77 209
77 228
77 108
77 146
77 226
77 205
77 99
77 114
77 171
77 150
77 159
78 112
78 252
78 192
78 147
78 110
78 82
78 222
78 219
78 229
78 179
78 243
78 242
78 253
79 134
79 86
79 101
79 192
79 142
79 169
79 156
79 146
79 174
79 104
79 152
79 253
79 176
80 216
80 178
80 218
80 172
80 85
80 100
80 156
80 223
80 91
80 232
80 239
80 195
81 255
81 96
81 147
81 203
81 88
81 215
81 171
81 115
81 90
81 223
81 113
82 130
82 88
82 152
82 155
82 140
82 210
82 123
82 184
82 205
82 103
82 164
82 169
82 189
83 117
83 85
83 162
83 187
83 212
83 101
83 190
83 145
83 203
83 167
83 99
83 143
83 111
84 252
84 190
84 248
84 149
84 85
84 180
84 205
84 115
84 218
84 170
84 152
85 177
85 189
85 247
85 200
85 228
85 133
85 93
85 178
85 98
85 173
86 249
86 89
86 160
86 102
86 229
86 176
86 224
86 115
86 135
86 153
87 227
87 115
87 186
87 212
87 183
87 231
87 234
87 207
87 152
87 168
87 153
87 175
88 173
88 211
88 219
88 175
88 117
88 115
88 92
88 160
88 116
88 196
89 253
89 222
89 228
89 234
89 128
89 144
89 103
89 154
89 193
89 187
89 139
89 156
89 127
89 181
90 188
90 168
90 184
90 172
90 109
90 140
90 243
90 212
90 193
90 200
90 151
90 247
90 249
90 134
90 221
91 174
91 246
91 147
91 170
91 127
91 214
91 224
91 114
91 219
91 103
91 144
91 164
91 148
91 222
92 201
92 194
92 198
92 131
92 154
92 199
92 220
92 129
92 253
92 94
93 242
93 248
93 220
93 113
93 175
93 129
93 234
93 138
93 238
93 180
93 239
94 209
94 196
94 225
94 249
94 96
94 247
94 167
94 251
94 174
95 148
95 184
95 177
95 158
95 174
95 213
95 199
95 230
95 198
95 176
95 109
95 216
96 187
96 247
96 141
96 100
96 122
96 204
96 231
96 233
96 132
96 173
97 99
97 240
97 248
97 154
97 117
97 114
97 141
97 179
97 172
97 174
97 178
97 245
97 125
97 151
98 151
98 104
98 238
98 180
98 182
98 181
98 240
98 253
98 206
98 233
99 239
99 212
99 236
99 198
99 110
99 170
99 182
99 225
99 139
100 184
100 160
100 118
100 237
100 153
100 137
100 252
100 117
100 186
100 135
100 165
100 194
100 255
101 255
101 172
101 207
101 149
101 228
101 219
101 225
101 250
101 199
101 210
102 209
102 220
102 131
102 242
102 190
102 147
102 158
102 111
102 153
102 232
102 172
102 118
102 103
103 207
103 167
103 248
103 161
103 139
103 235
103 202
103 200
103 187
103 185
104 218
104 188
104 179
104 222
104 194
104 183
104 117
104 148
104 208
104 150
104 251
104 242
104 232
105 235
105 132
105 198
105 134
105 250
105 118
105 219
105 234
105 227
105 130
105 146
105 191
105 165
105 232
106 170
106 169
106 118
106 228
106 203
106 155
106 158
106 178
106 136
106 110
106 249
106 122
106 116
106 211
107 147
107 120
107 186
107 229
107 141
107 108
107 166
107 119
107 133
108 218
108 180
108 199
108 135
108 250
108 147
108 173
108 123
108 121
108 161
108 189
108 151
108 129
109 116
109 156
109 189
109 225
109 181
109 224
109 197
109 150
109 243
109 129
110 207
110 181
110 216
110 168
110 198
110 147
110 225
110 208
110 206
110 160
110 140
111 240
111 204
111 155
111 208
111 127
111 133
111 135
111 173
111 163
111 174
112 141
112 246
112 200
112 132
112 232
112 155
112 137
112 202
112 225
112 221
112 115
112 187
112 242
113 190
113 193
113 253
113 120
113 118
113 191
113 176
113 177
113 205
113 223
114 179
114 120
114 198
114 130
114 247
114 128
114 180
114 249
114 129
115 143
115 226
115 121
115 234
115 125
115 218
116 119
116 121
116 177
116 187
116 186
117 234
117 149
117 209
117 213
117 160
117 151
117 243
118 179
118 146
118 195
118 129
118 119
119 200
119 125
119 217
119 227
119 156
119 251
120 209
120 221
120 136
120 169
120 140
120 137
120 218
120 181
120 133
120 165
120 128
121 127
121 175
121 134
121 144
121 253
121 125
121 210
121 236
121 216
121 252
122 124
122 197
122 180
122 187
122 224
122 171
122 136
122 206
122 172
122 223
122 156
123 170
123 173
123 176
123 172
123 227
123 181
123 163
123 254
123 141
124 135
124 150
124 172
124 177
124 170
124 217
124 235
124 192
124 234
124 225
124 215
125 161
125 126
125 181
125 154
125 219
125 208
125 202
125 196
125 239
125 158
125 184
125 163
126 253
126 218
126 235
126 132
126 174
126 239
126 136
126 236
126 242
126 168
127 168
127 226
127 166
128 253
128 195
128 137
128 212
128 224
128 241
128 245
128 207
128 173
129 184
129 225
129 183
129 138
129 141
130 134
130 230
130 190
130 133
130 225
130 194
130 183
130 136
130 239
130 157
131 153
131 254
131 253
131 192
131 247
131 202
131 148
131 236
131 255
131 227
131 189
131 205
132 138
132 223
132 144
132 210
132 162
132 153
132 189
132 247
133 252
133 208
133 207
133 196
133 136
133 244
133 146
134 167
134 241
134 170
134 237
134 185
134 244
134 242
134 174
134 255
135 178
135 198
135 210
135 200
135 219
135 230
135 201
135 191
135 233
136 161
136 151
136 175
136 226
136 254
136 188
136 241
136 246
136 154
137 227
137 250
137 231
137 184
137 170
137 185
137 197
137 190
137 214
138 163
138 169
138 230
138 251
138 217
138 236
138 160
138 185
138 154
138 190
139 175
139 238
139 198
139 190
139 186
139 164
139 201
139 224
140 232
140 206
140 236
140 161
140 201
140 213
141 211
141 177
141 208
141 235
141 166
141 153
141 241
141 145
141 201
142 209
142 204
142 189
142 249
142 226
142 147
142 248
142 187
142 211
142 239
143 230
143 243
143 235
143 162
143 185
143 193
143 195
143 188
143 240
144 225
144 213
144 248
144 191
144 192
145 189
145 212
145 217
145 214
145 205
145 196
145 233
145 220
145 237
146 164
146 193
146 175
146 161
146 251
146 206
147 158
147 188
147 238
147 186
147 189
147 235
148 236
148 235
148 204
148 229
148 210
148 237
148 206
148 215
149 158
149 246
149 249
149 191
149 166
150 250
150 151
150 167
150 175
150 153
150 239
150 173
151 187
151 245
151 238
151 195
151 163
151 198
151 192
151 190
152 177
152 238
152 158
152 208
152 219
152 212
153 154
153 180
153 214
153 203
153 164
154 216
154 159
154 188
154 215
154 190
154 206
154 219
155 189
155 180
155 167
155 250
155 165
155 201
155 163
155 231
155 253
155 213
156 221
156 203
156 165
156 173
156 235
156 214
156 236
157 245
157 213
157 251
157 171
157 159
157 218
157 222
158 168
158 194
158 198
158 240
159 181
159 229
159 186
159 247
159 195
159 174
159 250
160 250
160 181
160 211
160 245
160 221
160 235
160 205
161 217
161 178
161 166
161 233
161 179
161 255
162 237
162 250
162 176
162 209
162 206
162 191
162 184
162 202
162 220
163 171
163 241
163 179
163 225
163 212
163 197
163 235
164 240
164 202
164 251
164 188
164 197
164 195
164 230
164 254
165 166
165 212
165 209
165 175
165 199
165 192
165 207
166 247
166 190
166 203
166 223
166 237
166 230
166 201
167 223
167 229
167 186
167 208
167 217
167 221
168 222
168 213
168 250
168 187
168 221
169 200
169 182
169 246
169 234
169 188
169 239
169 205
170 242
170 206
170 204
170 210
170 185
171 229
171 198
171 188
171 255
171 232
171 196
172 183
172 186
172 199
172 253
172 252
173 239
173 222
174 180
174 184
174 196
174 217
175 200
175 216
175 240
175 241
175 247
176 252
176 240
176 225
176 187
176 214
176 201
176 188
177 245
177 207
177 251
177 246
177 250
177 236
177 243
177 204
177 224
178 244
178 191
178 243
178 232
179 245
179 244
179 200
179 221
179 210
180 193
180 207
180 243
180 194
181 240
181 230
181 237
181 223
181 199
182 222
182 241
182 202
182 249
182 252
182 251
182 223
182 183
182 235
183 229
183 217
183 246
183 187
183 189
183 195
183 237
184 254
184 228
184 203
184 208
184 224
185 199
185 222
185 203
185 211
185 243
185 230
186 220
186 197
186 249
186 245
186 205
186 230
187 219
187 218
188 248
188 210
189 241
189 213
189 211
190 223
190 197
191 227
191 222
191 202
191 238
191 241
191 229
192 248
192 195
192 217
192 254
193 211
193 198
193 254
193 210
193 231
193 239
193 246
193 217
194 200
194 236
194 226
195 238
195 204
195 236
195 225
195 196
195 223
195 228
196 238
196 250
196 211
196 200
196 236
197 248
197 244
197 210
197 222
198 208
198 227
199 211
199 244
199 223
200 238
200 206
200 249
201 203
201 250
201 204
201 239
201 252
201 226
202 245
202 212
202 216
202 255
203 249
203 227
203 241
203 245
203 218
204 221
204 234
204 216
205 219
206 213
206 220
207 233
207 251
207 210
208 248
208 219
208 214
208 223
208 247
209 224
209 210
209 230
209 243
210 245
210 223
210 217
211 222
211 212
211 233
211 218
212 215
212 246
213 223
213 234
213 241
214 228
214 233
214 245
214 254
214 229
214 230
214 234
215 230
215 252
215 221
215 238
215 228
215 248
216 218
216 228
217 226
217 227
217 240
217 232
218 251
218 220
218 225
219 249
219 241
219 231
220 221
220 246
220 228
220 239
220 240
221 252
222 247
223 226
224 240
226 245
226 227
226 252
227 228
227 243
228 235
229 243
229 240
229 239
230 253
230 232
231 236
232 241
233 249
233 253
234 255
236 255
236 244
236 249
237 248
238 254
239 248
239 243
240 255
242 245
244 246
246 250
247 251
248 250
251 252
252 255
